$ 1 0.000005 10.20027730826997 50 5 50 5e-11
R 752 -256 752 -320 0 0 40 5 0 0 0.5
f 480 288 528 288 32 1.5 0.02
f 480 352 528 352 32 1.5 0.02
f 480 416 528 416 32 1.5 0.02
g 528 432 528 464 0 0
w 528 368 528 400 0
w 528 304 528 336 0
w 528 272 528 208 0
L 416 288 368 288 0 0 false 5 0
L 416 352 368 352 0 0 false 5 0
L 416 416 368 416 0 0 false 5 0
w 416 416 480 416 0
f 624 288 672 288 32 1.5 0.02
f 736 288 784 288 32 1.5 0.02
f 864 288 912 288 32 1.5 0.02
f 624 352 672 352 32 1.5 0.02
w 624 288 560 288 0
w 560 288 560 496 0
w 560 496 448 496 0
w 736 288 736 528 0
w 736 528 432 528 0
w 864 288 864 560 0
w 864 560 416 560 0
w 416 560 416 416 0
w 416 352 432 352 0
w 432 352 432 528 0
w 432 352 480 352 0
w 416 288 448 288 0
w 448 288 448 496 0
w 480 288 448 288 0
w 672 304 672 336 0
w 672 336 784 336 0
w 784 336 784 304 0
w 784 336 912 336 0
w 912 336 912 304 0
g 672 368 672 400 0 0
L 624 352 576 352 0 0 false 5 0
w 672 208 672 272 0
w 784 208 784 272 0
w 784 208 912 208 0
w 912 208 912 272 0
w 912 208 976 208 0
M 976 208 1040 208 0 2.5
w 752 128 752 208 0
w 640 128 640 208 0
w 528 128 528 208 0
w 640 208 528 208 0
w 640 208 672 208 0
w 672 208 752 208 0
w 752 208 784 208 0
w 448 288 448 112 0
w 448 112 480 112 0
w 432 352 432 64 0
w 432 64 592 64 0
w 592 64 592 112 0
w 416 416 416 32 0
w 416 32 704 32 0
w 704 32 704 112 0
w 528 -16 528 96 0
w 528 -16 640 -16 0
w 640 -16 640 96 0
w 640 -16 752 -16 0
w 752 -16 752 96 0
f 480 112 528 112 33 1.5 0.02
f 592 112 640 112 33 1.5 0.02
f 704 112 752 112 33 1.5 0.02
w 624 352 624 160 0
w 624 160 560 160 0
w 560 160 560 -80 0
w 560 -80 592 -80 0
w 640 -64 640 -16 0
w 752 -208 752 -176 0
w 752 -144 752 -96 0
w 752 -64 752 -16 0
w 640 -96 640 -256 0
w 640 -256 752 -256 0
w 752 -256 752 -240 0
w 448 112 448 -112 0
w 448 -112 704 -112 0
w 704 -112 704 -80 0
w 432 64 432 -160 0
w 432 -160 704 -160 0
w 416 32 416 -224 0
w 416 -224 704 -224 0
f 704 -80 752 -80 33 1.5 0.02
f 592 -80 640 -80 33 1.5 0.02
f 704 -160 752 -160 33 1.5 0.02
f 704 -224 752 -224 33 1.5 0.02
