$ 1 0.000005 10.20027730826997 50 5 50 5e-11
f 240 192 288 192 53 1.5 0.02
R 288 176 288 128 0 0 40 5 0 0 0.5
L 240 224 176 224 0 0 false 5 0
w 240 224 240 192 0
f 240 256 288 256 52 1.5 0.02
w 240 256 240 224 0
g 288 272 288 304 0 0
w 288 208 288 224 0
w 288 224 288 240 0
w 288 224 336 224 0
L 528 304 464 304 0 0 false 5 0
f 592 336 640 336 53 1.5 0.02
w 528 304 640 304 0
w 640 304 640 320 0
w 336 224 336 336 0
w 336 336 592 336 0
f 592 400 640 400 52 1.5 0.02
w 528 304 528 400 0
w 528 400 592 400 0
w 640 352 640 384 0
f 592 464 640 464 52 1.5 0.02
w 640 448 640 416 0
g 640 480 640 512 0 0
w 640 384 720 384 0
w 592 464 336 464 0
w 336 464 336 336 0
f 592 592 640 592 53 1.5 0.02
L 560 544 496 544 0 0 false 5 0
w 560 544 640 544 0
w 640 544 640 576 0
f 592 656 640 656 52 1.5 0.02
w 640 608 640 640 0
f 592 720 640 720 52 1.5 0.02
w 640 672 640 704 0
g 640 736 640 768 0 0
w 592 656 560 656 0
w 560 656 560 544 0
w 240 256 240 592 0
w 240 592 592 592 0
w 240 592 240 720 0
w 240 720 592 720 0
w 720 384 720 640 0
w 720 640 640 640 0
w 720 640 784 640 0
M 1072 704 1120 704 0 2.5
f 880 672 928 672 53 1.5 0.02
f 992 672 1040 672 53 1.5 0.02
f 880 752 928 752 52 1.5 0.02
f 992 752 1040 752 52 1.5 0.02
w 992 752 992 672 0
w 880 752 880 672 0
w 784 640 880 640 0
w 880 640 880 672 0
w 880 640 992 640 0
w 992 640 992 672 0
g 928 784 928 816 0 0
w 928 768 928 784 0
w 928 784 1040 784 0
w 1040 784 1040 768 0
R 1040 608 1040 560 0 0 40 5 0 0 0.5
w 1040 608 928 608 0
w 928 608 928 656 0
w 1040 608 1040 656 0
w 1040 688 1040 704 0
w 1040 704 1040 736 0
w 928 688 928 704 0
w 928 704 928 736 0
w 928 704 1040 704 0
w 1072 704 1040 704 0
