$ 1 0.000005 10.20027730826997 50 5 50 5e-11
f 384 304 384 256 53 1.5 0.02
f 416 304 416 256 53 1.5 0.02
f 448 304 448 256 53 1.5 0.02
f 480 304 480 256 53 1.5 0.02
f 384 416 384 464 52 1.5 0.02
f 416 416 416 464 52 1.5 0.02
f 448 416 448 464 52 1.5 0.02
f 480 416 480 464 52 1.5 0.02
w 384 304 384 352 0
w 384 352 416 352 0
w 416 352 416 304 0
w 384 352 384 416 0
w 416 352 416 416 0
w 448 304 448 384 0
w 448 384 480 384 0
w 480 384 480 416 0
w 448 384 448 416 0
w 480 384 480 304 0
R 368 208 368 160 0 0 40 5 0 0 0.5
w 368 208 368 256 0
w 368 208 432 208 0
w 432 208 432 256 0
w 432 208 496 208 0
w 496 208 496 256 0
g 400 464 400 496 0 0
w 368 464 368 400 0
w 368 400 432 400 0
w 432 400 432 464 0
w 432 464 432 480 0
w 432 480 496 480 0
w 496 480 496 464 0
w 464 464 464 400 0
w 464 400 496 400 0
w 496 400 496 320 0
w 400 256 400 320 0
w 400 320 464 320 0
w 464 320 464 256 0
w 464 320 496 320 0
L 384 352 368 352 0 0 false 5 0
L 448 384 432 384 0 0 false 5 0
M 496 320 528 320 0 2.5
f 720 304 720 256 53 1.5 0.02
f 752 304 752 256 53 1.5 0.02
f 784 304 784 256 53 1.5 0.02
f 816 304 816 256 53 1.5 0.02
f 720 416 720 464 52 1.5 0.02
f 752 416 752 464 52 1.5 0.02
f 784 416 784 464 52 1.5 0.02
f 816 416 816 464 52 1.5 0.02
w 784 368 816 368 0
w 816 368 816 304 0
w 784 368 784 416 0
w 816 368 816 416 0
R 704 208 704 160 0 0 40 5 0 0 0.5
w 704 208 704 256 0
w 704 208 768 208 0
w 768 208 768 256 0
w 768 208 832 208 0
w 832 208 832 256 0
g 832 496 832 528 0 0
w 832 464 832 496 0
w 768 464 768 496 0
w 768 496 832 496 0
L 720 336 704 336 0 0 false 5 0
w 720 304 720 336 0
w 720 336 720 416 0
L 752 368 736 368 0 0 false 5 0
w 752 304 752 368 0
w 752 368 752 416 0
w 736 400 704 400 0
w 704 400 704 464 0
w 784 368 784 336 0
w 784 336 736 336 0
w 784 336 784 304 0
w 736 256 736 336 0
w 736 336 736 400 0
w 800 256 800 384 0
w 800 384 800 464 0
M 800 384 864 384 0 2.5
f 1024 304 1024 256 53 1.5 0.02
f 1024 416 1024 464 52 1.5 0.02
R 1008 208 1008 160 0 0 40 5 0 0 0.5
w 1008 208 1008 256 0
g 1008 496 1008 528 0 0
w 1008 496 1008 464 0
L 1024 368 1008 368 0 0 false 5 0
w 1024 368 1024 416 0
w 1024 368 1024 304 0
M 1232 320 1264 320 0 2.5
L 1184 384 1168 384 0 0 false 5 0
w 1200 320 1232 320 0
w 1200 320 1200 256 0
w 1136 320 1200 320 0
w 1136 256 1136 320 0
w 1232 400 1232 320 0
w 1200 400 1232 400 0
w 1200 464 1200 400 0
w 1232 480 1232 464 0
w 1168 480 1232 480 0
w 1168 464 1168 480 0
w 1168 400 1168 464 0
w 1104 400 1168 400 0
w 1104 464 1104 400 0
w 1232 208 1232 256 0
w 1168 208 1232 208 0
w 1168 208 1168 256 0
w 1104 208 1168 208 0
w 1104 208 1104 256 0
w 1216 384 1216 304 0
w 1184 384 1184 416 0
w 1216 384 1216 416 0
w 1184 384 1216 384 0
w 1184 304 1184 384 0
w 1152 352 1152 416 0
w 1120 352 1120 416 0
w 1152 352 1152 304 0
w 1120 352 1152 352 0
w 1120 304 1120 352 0
f 1216 416 1216 464 52 1.5 0.02
f 1184 416 1184 464 52 1.5 0.02
f 1152 416 1152 464 52 1.5 0.02
f 1120 416 1120 464 52 1.5 0.02
f 1216 304 1216 256 53 1.5 0.02
f 1184 304 1184 256 53 1.5 0.02
f 1152 304 1152 256 53 1.5 0.02
f 1120 304 1120 256 53 1.5 0.02
w 1104 208 1008 208 0
w 1008 496 1136 496 0
w 1136 496 1136 464 0
w 1120 352 1040 352 0
w 1040 352 1040 256 0
w 1040 352 1040 464 0
f 1472 304 1472 256 53 1.5 0.02
f 1504 304 1504 256 53 1.5 0.02
f 1536 304 1536 256 53 1.5 0.02
f 1568 304 1568 256 53 1.5 0.02
f 1472 416 1472 464 52 1.5 0.02
f 1504 416 1504 464 52 1.5 0.02
f 1536 416 1536 464 52 1.5 0.02
f 1568 416 1568 464 52 1.5 0.02
L 1472 368 1456 368 0 0 false 5 0
w 1472 304 1472 368 0
w 1472 368 1504 368 0
w 1504 368 1504 304 0
w 1504 368 1536 368 0
w 1536 368 1536 304 0
w 1536 368 1568 368 0
w 1568 368 1568 304 0
w 1472 368 1472 416 0
w 1504 368 1504 416 0
w 1536 368 1536 416 0
w 1568 368 1568 416 0
f 1600 304 1600 256 53 1.5 0.02
f 1632 304 1632 256 53 1.5 0.02
f 1664 304 1664 256 53 1.5 0.02
f 1696 304 1696 256 53 1.5 0.02
f 1600 416 1600 464 52 1.5 0.02
f 1632 416 1632 464 52 1.5 0.02
f 1664 416 1664 464 52 1.5 0.02
f 1696 416 1696 464 52 1.5 0.02
w 1600 304 1600 368 0
w 1600 368 1600 416 0
L 1600 368 1584 368 0 0 false 5 0
w 1600 368 1632 368 0
w 1632 368 1632 304 0
w 1632 368 1632 416 0
w 1632 368 1664 368 0
w 1664 368 1664 416 0
w 1664 368 1696 368 0
w 1696 368 1696 304 0
w 1664 304 1664 368 0
w 1696 416 1696 368 0
R 1456 208 1456 160 0 0 40 5 0 0 0.5
w 1584 208 1584 256 0
w 1456 256 1456 208 0
w 1520 256 1520 208 0
w 1456 208 1520 208 0
w 1520 208 1584 208 0
w 1488 256 1488 320 0
w 1488 320 1552 320 0
w 1552 320 1552 256 0
w 1584 208 1648 208 0
w 1648 208 1648 256 0
w 1648 208 1712 208 0
w 1712 208 1712 256 0
w 1552 320 1616 320 0
w 1616 320 1616 256 0
w 1616 320 1680 320 0
w 1680 320 1680 256 0
g 1488 512 1488 544 0 0
w 1488 464 1488 512 0
w 1488 512 1552 512 0
w 1552 512 1552 464 0
w 1456 464 1456 400 0
w 1456 400 1520 400 0
w 1520 400 1520 464 0
w 1520 400 1584 400 0
w 1584 400 1584 464 0
w 1712 464 1712 480 0
w 1712 480 1648 480 0
w 1648 480 1648 464 0
w 1648 480 1584 480 0
w 1584 480 1584 464 0
w 1680 464 1680 400 0
w 1680 400 1616 400 0
w 1616 400 1616 464 0
w 1680 320 1680 400 0
M 1728 320 1760 320 0 2.5
w 1728 320 1680 320 0
