$ 1 0.000005 10.20027730826997 50 5 50 5e-11
f 432 368 480 368 52 1.5 0.02
f 432 400 480 400 52 1.5 0.02
f 608 400 656 400 52 1.5 0.02
f 608 368 656 368 52 1.5 0.02
L 320 368 272 368 0 0 false 5 0
L 304 400 272 400 0 0 false 5 0
w 320 368 432 368 0
L 320 480 272 480 0 0 false 5 0
w 320 480 432 480 0
w 576 368 576 480 0
w 576 480 432 480 0
L 320 512 272 512 0 0 false 5 0
w 320 512 608 512 0
w 608 512 608 400 0
w 480 416 480 432 0
w 480 432 656 432 0
w 656 432 656 416 0
g 656 432 656 448 0 0
w 480 352 480 336 0
w 656 336 656 352 0
f 528 256 576 256 53 1.5 0.02
f 608 256 656 256 53 1.5 0.02
w 656 272 656 336 0
w 576 336 480 336 0
w 576 272 576 336 0
w 576 336 656 336 0
w 576 368 592 368 0
w 592 368 608 368 0
w 608 400 608 256 0
f 608 224 656 224 53 1.5 0.02
f 528 224 576 224 53 1.5 0.02
w 528 256 528 368 0
w 528 368 576 368 0
w 528 224 432 224 0
w 432 224 432 368 0
w 608 224 608 192 0
w 608 192 416 192 0
w 416 192 416 400 0
w 432 400 416 400 0
w 416 400 304 400 0
R 576 160 576 128 0 0 40 5 0 0 0.5
w 576 160 576 208 0
w 576 160 656 160 0
w 656 160 656 208 0
w 576 240 656 240 0
M 656 336 704 336 0 2.5
f 864 240 864 192 53 1.5 0.02
f 896 240 896 192 53 1.5 0.02
f 928 240 928 192 53 1.5 0.02
f 960 240 960 192 53 1.5 0.02
f 1152 240 1152 192 53 1.5 0.02
f 1120 240 1120 192 53 1.5 0.02
f 1088 240 1088 192 53 1.5 0.02
f 1056 240 1056 192 53 1.5 0.02
f 864 416 864 464 52 1.5 0.02
f 896 416 896 464 52 1.5 0.02
f 928 416 928 464 52 1.5 0.02
f 960 416 960 464 52 1.5 0.02
f 1152 416 1152 464 52 1.5 0.02
f 1120 416 1120 464 52 1.5 0.02
f 1088 416 1088 464 52 1.5 0.02
f 1056 416 1056 464 52 1.5 0.02
w 864 336 896 336 0
w 896 336 896 240 0
w 864 240 864 336 0
w 864 336 864 416 0
w 896 336 896 416 0
L 864 336 848 336 0 0 false 5 0
L 928 336 912 336 0 0 false 5 0
w 928 240 928 336 0
w 928 336 928 416 0
w 928 336 960 336 0
w 960 336 960 240 0
w 960 336 960 416 0
w 976 464 976 480 0
w 976 480 912 480 0
w 912 480 912 464 0
w 848 464 848 400 0
w 848 400 912 400 0
w 912 400 912 464 0
g 880 512 880 544 0 0
w 880 464 880 512 0
R 880 160 880 128 0 0 40 5 0 0 0.5
L 1056 336 1040 336 0 0 false 5 0
w 1056 240 1056 336 0
w 1056 336 1088 336 0
w 1088 336 1088 240 0
w 1088 336 1088 416 0
w 1056 336 1056 416 0
L 1120 336 1104 336 0 0 false 5 0
w 1120 240 1120 336 0
w 1120 336 1152 336 0
w 1152 336 1152 240 0
w 1152 336 1152 416 0
w 1120 336 1120 416 0
w 880 512 1136 512 0
w 1040 464 1040 400 0
w 1040 400 1104 400 0
w 1104 400 1104 464 0
w 1104 464 1104 480 0
w 1104 480 1168 480 0
w 1168 480 1168 464 0
w 1168 192 1168 256 0
w 1168 256 1104 256 0
w 1104 256 1104 192 0
w 1104 256 1040 256 0
w 1040 256 1040 192 0
w 880 160 1072 160 0
w 1072 160 1072 192 0
w 944 304 944 464 0
M 1136 304 1184 304 0 2.5
w 976 192 976 304 0
w 976 304 944 304 0
w 944 304 912 304 0
w 912 304 912 192 0
w 912 304 848 304 0
w 848 304 848 192 0
w 880 192 880 176 0
w 880 176 944 176 0
w 944 176 944 192 0
w 944 176 1040 176 0
w 1040 176 1040 192 0
w 1072 160 1136 160 0
w 1136 160 1136 192 0
w 1136 512 1136 464 0
w 1072 464 1072 304 0
w 976 304 1072 304 0
w 1072 304 1136 304 0
f 1344 240 1344 192 53 1.5 0.02
f 1376 240 1376 192 53 1.5 0.02
f 1408 240 1408 192 53 1.5 0.02
f 1440 240 1440 192 53 1.5 0.02
f 1344 416 1344 464 52 1.5 0.02
f 1376 416 1376 464 52 1.5 0.02
f 1408 416 1408 464 52 1.5 0.02
f 1440 416 1440 464 52 1.5 0.02
L 1344 288 1328 288 0 0 false 5 0
w 1344 240 1344 288 0
w 1344 288 1344 416 0
L 1376 320 1360 320 0 0 false 5 0
w 1376 240 1376 320 0
w 1376 320 1376 416 0
L 1408 336 1392 336 0 0 false 5 0
w 1408 240 1408 336 0
w 1408 336 1408 416 0
L 1440 368 1424 368 0 0 false 5 0
w 1440 240 1440 368 0
w 1440 368 1440 416 0
w 1136 160 1360 160 0
w 1392 256 1392 192 0
w 1328 192 1328 256 0
w 1328 256 1392 256 0
w 1360 160 1360 192 0
w 1456 288 1424 288 0
w 1424 288 1424 192 0
w 1136 512 1392 512 0
w 1392 512 1392 464 0
w 1328 464 1328 384 0
w 1328 384 1456 384 0
w 1456 384 1456 464 0
w 1392 192 1392 176 0
w 1392 176 1456 176 0
w 1456 176 1456 192 0
f 1520 240 1520 192 53 1.5 0.02
f 1552 240 1552 192 53 1.5 0.02
f 1520 416 1520 464 52 1.5 0.02
f 1552 416 1552 464 52 1.5 0.02
w 1360 160 1504 160 0
w 1504 160 1504 192 0
w 1504 160 1568 160 0
w 1568 160 1568 192 0
w 1392 512 1504 512 0
w 1504 512 1504 464 0
w 1504 512 1568 512 0
w 1568 512 1568 464 0
w 1552 240 1552 320 0
w 1552 320 1520 320 0
w 1520 320 1520 240 0
w 1520 320 1520 416 0
w 1552 320 1552 416 0
w 1520 320 1456 320 0
w 1456 288 1456 320 0
w 1456 320 1456 384 0
M 1600 288 1648 288 0 2.5
w 1536 192 1536 288 0
w 1536 288 1600 288 0
w 1536 288 1536 464 0
x 967 135 1053 138 4 24 a22oi_2
x 1412 128 1491 131 4 24 a22o_2
