$ 1 0.000005 10.20027730826997 50 5 50 5e-11
f 416 512 368 512 52 1.5 0.02
f 240 512 192 512 52 1.5 0.02
w 192 496 192 448 0
w 192 448 368 448 0
w 368 448 368 496 0
g 192 576 192 608 0 0
w 192 528 192 576 0
w 192 576 368 576 0
w 368 576 368 528 0
L 48 416 0 416 0 0 false 5 0
L 48 448 0 448 0 0 false 5 0
w 48 448 48 560 0
w 48 560 240 560 0
w 240 560 240 512 0
w 48 416 80 416 0
w 80 416 80 640 0
w 80 640 432 640 0
w 432 640 432 512 0
w 432 512 416 512 0
f 576 496 528 496 52 1.5 0.02
f 576 560 528 560 52 1.5 0.02
w 528 512 528 544 0
w 368 448 528 448 0
w 528 448 528 480 0
w 528 576 368 576 0
L 48 384 0 384 0 0 false 5 0
L 48 352 0 352 0 0 false 5 0
w 48 384 112 384 0
w 112 384 112 688 0
w 112 688 576 688 0
w 576 688 576 560 0
w 48 352 144 352 0
w 144 352 144 736 0
w 144 736 608 736 0
w 608 736 608 496 0
w 608 496 576 496 0
f 432 320 368 320 53 1.5 0.02
f 432 256 368 256 53 1.5 0.02
w 368 272 368 304 0
w 368 336 368 448 0
w 240 512 240 416 0
w 240 416 448 416 0
w 448 416 448 320 0
w 448 320 432 320 0
w 432 512 496 512 0
w 496 512 496 256 0
w 496 256 432 256 0
f 432 176 368 176 53 1.5 0.02
f 304 176 240 176 53 1.5 0.02
w 240 192 240 208 0
w 240 208 368 208 0
w 368 208 368 192 0
w 368 208 368 240 0
R 240 112 240 80 0 0 40 5 0 0 0.5
w 240 112 240 160 0
w 240 112 368 112 0
w 368 112 368 160 0
w 432 176 576 176 0
w 576 560 576 176 0
w 304 176 304 144 0
w 304 144 608 144 0
w 608 144 608 496 0
w 528 448 672 448 0
M 672 448 720 448 0 2.5
f 1040 336 1040 288 53 1.5 0.02
f 1072 336 1072 288 53 1.5 0.02
f 1040 528 1040 576 52 1.5 0.02
f 1072 528 1072 576 52 1.5 0.02
w 1040 336 1040 432 0
w 1040 432 1072 432 0
w 1072 432 1072 336 0
w 1040 432 1040 528 0
w 1072 432 1072 528 0
L 1040 432 992 432 0 0 false 5 0
R 1024 272 1024 240 0 0 40 5 0 0 0.5
f 1104 336 1104 288 53 1.5 0.02
f 1136 336 1136 288 53 1.5 0.02
f 1104 528 1104 576 52 1.5 0.02
f 1136 528 1136 576 52 1.5 0.02
w 1104 528 1104 464 0
w 1104 464 1104 336 0
w 1136 336 1136 464 0
w 1136 464 1104 464 0
w 1136 464 1136 528 0
L 1104 464 1056 464 0 0 false 5 0
f 1216 336 1216 288 53 1.5 0.02
f 1248 336 1248 288 53 1.5 0.02
w 1088 288 1088 352 0
f 1280 336 1280 288 53 1.5 0.02
f 1312 336 1312 288 53 1.5 0.02
w 1216 336 1216 432 0
w 1216 432 1248 432 0
w 1248 432 1248 336 0
f 1216 528 1216 576 52 1.5 0.02
f 1248 528 1248 576 52 1.5 0.02
f 1280 528 1280 576 52 1.5 0.02
f 1312 528 1312 576 52 1.5 0.02
w 1216 432 1216 528 0
w 1248 432 1248 528 0
L 1216 432 1168 432 0 0 false 5 0
w 1280 336 1280 464 0
w 1280 464 1312 464 0
w 1312 464 1312 336 0
w 1312 464 1312 528 0
w 1280 464 1280 528 0
L 1280 464 1232 464 0 0 false 5 0
g 1264 624 1264 656 0 0
w 1264 624 1264 576 0
w 1024 272 1056 272 0
w 1056 272 1056 288 0
w 1024 288 1024 352 0
w 1024 352 1088 352 0
w 1056 272 1120 272 0
w 1120 272 1120 288 0
w 1152 288 1152 352 0
w 1232 352 1152 352 0
w 1152 352 1088 352 0
w 1232 352 1232 288 0
w 1200 288 1200 272 0
w 1200 272 1264 272 0
w 1264 272 1264 288 0
w 1264 272 1328 272 0
w 1328 272 1328 288 0
w 1264 624 1328 624 0
w 1328 624 1328 576 0
w 1200 576 1200 624 0
w 1200 624 1264 624 0
w 1200 624 1056 624 0
w 1232 576 1232 512 0
w 1232 512 1120 512 0
w 1296 288 1296 512 0
w 1296 512 1232 512 0
w 1296 512 1296 576 0
w 1120 512 1120 576 0
w 1152 576 1152 592 0
w 1152 592 1088 592 0
w 1088 592 1088 576 0
w 1056 576 1056 624 0
w 1088 576 1088 512 0
w 1088 512 1024 512 0
w 1024 512 1024 576 0
