$ 1 0.000005 10.20027730826997 50 5 50 5e-11
f 656 400 704 400 52 1.5 0.02
f 656 432 704 432 52 1.5 0.02
f 752 400 800 400 52 1.5 0.02
L 576 400 512 400 0 0 false 5 0
L 576 432 512 432 0 0 false 5 0
L 576 480 512 480 0 0 false 5 0
w 576 480 752 480 0
w 752 480 752 400 0
w 704 448 800 448 0
w 800 448 800 416 0
g 800 448 800 480 0 0
w 704 384 704 352 0
w 704 352 800 352 0
w 800 352 800 384 0
M 800 352 880 352 0 2.5
f 752 304 800 304 53 1.5 0.02
w 800 320 800 352 0
w 752 400 752 304 0
f 752 224 800 224 53 1.5 0.02
f 672 224 720 224 53 1.5 0.02
w 720 240 720 256 0
w 720 256 800 256 0
w 800 256 800 240 0
w 800 256 800 288 0
R 720 176 720 144 0 0 40 5 0 0 0.5
w 720 176 720 208 0
w 720 176 800 176 0
w 800 176 800 208 0
w 640 400 640 224 0
w 640 224 672 224 0
w 752 224 752 272 0
w 752 272 608 272 0
w 608 272 608 432 0
w 576 400 640 400 0
w 640 400 656 400 0
w 576 432 608 432 0
w 608 432 656 432 0
f 1088 256 1088 208 53 1.5 0.02
f 1120 256 1120 208 53 1.5 0.02
f 1088 400 1088 448 52 1.5 0.02
f 1120 400 1120 448 52 1.5 0.02
L 1088 336 1072 336 0 0 false 5 0
w 1088 256 1088 336 0
w 1088 336 1120 336 0
w 1120 336 1120 256 0
w 1120 336 1120 400 0
w 1088 336 1088 400 0
w 1152 336 1152 400 0
w 1184 336 1184 400 0
w 1184 336 1184 256 0
w 1152 336 1184 336 0
w 1152 256 1152 336 0
L 1152 336 1136 336 0 0 false 5 0
f 1184 400 1184 448 52 1.5 0.02
f 1152 400 1152 448 52 1.5 0.02
f 1184 256 1184 208 53 1.5 0.02
f 1152 256 1152 208 53 1.5 0.02
w 1248 336 1248 400 0
w 1280 336 1280 400 0
w 1280 336 1280 256 0
w 1248 336 1280 336 0
w 1248 256 1248 336 0
L 1248 336 1232 336 0 0 false 5 0
f 1280 400 1280 448 52 1.5 0.02
f 1248 400 1248 448 52 1.5 0.02
f 1280 256 1280 208 53 1.5 0.02
f 1248 256 1248 208 53 1.5 0.02
R 1072 160 1072 128 0 0 40 5 0 0 0.5
w 1168 160 1168 208 0
w 1200 208 1200 272 0
w 1200 272 1136 272 0
w 1136 272 1136 208 0
w 1072 160 1104 160 0
w 1104 160 1104 208 0
w 1104 160 1168 160 0
w 1136 272 1072 272 0
w 1072 272 1072 208 0
w 1200 272 1296 272 0
w 1296 272 1296 208 0
M 1296 304 1376 304 0 2.5
w 1264 208 1264 304 0
w 1264 304 1296 304 0
g 1104 496 1104 512 0 0
w 1232 208 1200 208 0
w 1136 384 1072 384 0
w 1072 384 1072 448 0
w 1104 496 1104 448 0
w 1264 304 1264 384 0
w 1104 496 1264 496 0
w 1264 496 1264 448 0
w 1264 384 1296 384 0
w 1296 384 1296 448 0
w 1232 448 1232 384 0
w 1168 384 1232 384 0
w 1232 384 1264 384 0
w 1168 384 1168 448 0
w 1136 384 1136 448 0
w 1136 448 1136 464 0
w 1136 464 1200 464 0
w 1200 464 1200 448 0
f 1520 256 1520 208 53 1.5 0.02
f 1552 256 1552 208 53 1.5 0.02
f 1584 256 1584 208 53 1.5 0.02
f 1616 256 1616 208 53 1.5 0.02
f 1648 256 1648 208 53 1.5 0.02
f 1680 256 1680 208 53 1.5 0.02
f 1520 400 1520 448 52 1.5 0.02
f 1552 400 1552 448 52 1.5 0.02
f 1584 400 1584 448 52 1.5 0.02
f 1616 400 1616 448 52 1.5 0.02
f 1648 400 1648 448 52 1.5 0.02
f 1680 400 1680 448 52 1.5 0.02
w 1552 256 1552 336 0
w 1552 336 1552 400 0
w 1552 336 1584 336 0
w 1584 336 1584 400 0
w 1584 336 1584 256 0
L 1520 320 1488 320 0 0 false 5 0
w 1520 256 1520 320 0
w 1520 320 1520 400 0
w 1520 320 1616 320 0
w 1616 320 1616 256 0
w 1616 320 1616 400 0
L 1648 336 1632 336 0 0 false 5 0
w 1648 256 1648 336 0
w 1648 336 1680 336 0
w 1680 336 1680 256 0
w 1680 336 1680 400 0
w 1648 336 1648 400 0
L 1552 336 1536 336 0 0 false 5 0
w 1168 160 1536 160 0
w 1536 160 1536 208 0
w 1536 160 1600 160 0
w 1600 160 1600 208 0
w 1504 208 1504 272 0
w 1504 272 1568 272 0
w 1568 272 1568 208 0
w 1568 272 1632 272 0
w 1632 272 1632 208 0
w 1632 272 1696 272 0
w 1696 272 1696 208 0
w 1696 496 1696 448 0
w 1632 448 1632 496 0
w 1632 496 1696 496 0
w 1664 208 1664 384 0
w 1664 384 1568 384 0
w 1568 384 1568 448 0
w 1664 384 1664 448 0
w 1504 448 1504 496 0
w 1504 496 1632 496 0
w 1504 496 1264 496 0
x 1561 133 1647 136 4 24 aoi21_2
x 2003 121 2082 124 4 24 ao21_2
f 1952 256 1952 208 53 1.5 0.02
f 1984 256 1984 208 53 1.5 0.02
f 2016 256 2016 208 53 1.5 0.02
f 1952 400 1952 448 52 1.5 0.02
f 1984 400 1984 448 52 1.5 0.02
f 2016 400 2016 448 52 1.5 0.02
L 1952 288 1936 288 0 0 false 5 0
L 1984 304 1968 304 0 0 false 5 0
L 2016 336 2000 336 0 0 false 5 0
w 2016 256 2016 336 0
w 2016 336 2016 400 0
w 1984 256 1984 304 0
w 1984 304 1984 400 0
w 1952 256 1952 288 0
w 1952 288 1952 400 0
R 1968 176 1968 144 0 0 40 5 0 0 0.5
w 1968 176 1968 208 0
w 1936 208 1936 272 0
w 1936 272 2000 272 0
w 2000 272 2000 208 0
g 2000 480 2000 512 0 0
w 2000 448 2000 480 0
w 1936 448 1936 384 0
w 1936 384 2032 384 0
w 2032 384 2032 448 0
f 2096 256 2096 208 53 1.5 0.02
f 2128 256 2128 208 53 1.5 0.02
f 2096 400 2096 448 52 1.5 0.02
f 2128 400 2128 448 52 1.5 0.02
w 1968 176 2080 176 0
w 2080 176 2080 208 0
w 2080 176 2144 176 0
w 2144 176 2144 208 0
w 2000 480 2080 480 0
w 2080 480 2080 448 0
w 2080 480 2144 480 0
w 2144 480 2144 448 0
w 2096 256 2096 336 0
w 2096 336 2128 336 0
w 2128 336 2128 256 0
w 2128 336 2128 400 0
w 2096 336 2096 400 0
w 2032 208 2032 336 0
w 2032 336 2096 336 0
w 2032 336 2032 384 0
w 2112 208 2112 304 0
M 2112 304 2176 304 0 2.5
w 2112 304 2112 448 0
