$ 1 0.000005 10.20027730826997 50 5 50 5e-11
f 752 464 800 464 52 1.5 0.02
f 624 464 672 464 52 1.5 0.02
f 624 496 672 496 52 1.5 0.02
f 624 528 672 528 52 1.5 0.02
g 672 592 672 624 0 0
w 672 544 672 592 0
w 672 544 800 544 0
w 800 544 800 480 0
w 672 448 672 432 0
w 672 432 800 432 0
w 800 432 800 448 0
f 752 400 800 400 53 1.5 0.02
w 800 416 800 432 0
f 752 320 800 320 53 1.5 0.02
f 672 320 720 320 53 1.5 0.02
w 720 336 720 352 0
w 720 352 800 352 0
w 800 336 800 352 0
w 800 352 800 384 0
f 576 320 624 320 53 1.5 0.02
w 624 336 624 352 0
w 624 352 720 352 0
R 624 256 624 224 0 0 40 5 0 0 0.5
w 624 256 624 304 0
w 624 256 720 256 0
w 720 256 720 304 0
w 720 256 800 256 0
w 800 256 800 304 0
w 752 400 752 464 0
L 752 464 704 464 0 0 false 5 0
w 576 320 576 464 0
w 576 464 624 464 0
w 672 320 672 400 0
w 672 400 608 400 0
w 608 400 608 496 0
w 608 496 624 496 0
w 752 320 736 320 0
w 736 320 736 384 0
w 736 384 544 384 0
w 544 384 544 528 0
w 544 528 624 528 0
L 480 464 432 464 0 0 false 5 0
L 480 496 432 496 0 0 false 5 0
w 480 464 576 464 0
w 480 496 608 496 0
L 480 528 432 528 0 0 false 5 0
w 480 528 544 528 0
M 800 432 848 432 0 2.5
f 1056 304 1056 256 53 1.5 0.02
f 1088 304 1088 256 53 1.5 0.02
f 1120 304 1120 256 53 1.5 0.02
f 1152 304 1152 256 53 1.5 0.02
f 1216 304 1216 256 53 1.5 0.02
f 1248 304 1248 256 53 1.5 0.02
f 1280 304 1280 256 53 1.5 0.02
f 1312 304 1312 256 53 1.5 0.02
f 1056 480 1056 528 52 1.5 0.02
f 1088 480 1088 528 52 1.5 0.02
f 1120 480 1120 528 52 1.5 0.02
f 1152 480 1152 528 52 1.5 0.02
f 1216 480 1216 528 52 1.5 0.02
f 1248 480 1248 528 52 1.5 0.02
f 1280 480 1280 528 52 1.5 0.02
f 1312 480 1312 528 52 1.5 0.02
w 1200 256 1168 256 0
L 1056 384 1040 384 0 0 false 5 0
w 1056 304 1056 384 0
w 1056 384 1088 384 0
w 1088 384 1088 304 0
w 1088 384 1088 480 0
w 1056 384 1056 480 0
L 1120 384 1104 384 0 0 false 5 0
w 1120 304 1120 384 0
w 1120 384 1152 384 0
w 1152 384 1152 304 0
w 1120 384 1120 480 0
w 1152 384 1152 480 0
L 1216 384 1200 384 0 0 false 5 0
w 1216 304 1216 384 0
w 1248 304 1248 384 0
w 1248 384 1216 384 0
w 1248 384 1248 480 0
w 1216 384 1216 480 0
L 1280 384 1264 384 0 0 false 5 0
w 1280 304 1280 384 0
w 1280 384 1280 480 0
w 1312 304 1312 384 0
w 1312 384 1312 480 0
w 1280 384 1312 384 0
R 1072 240 1072 208 0 0 40 5 0 0 0.5
w 1072 240 1072 256 0
w 1072 240 1136 240 0
w 1136 240 1136 256 0
w 1040 256 1040 320 0
w 1040 320 1104 320 0
w 1104 320 1104 256 0
w 1104 320 1168 320 0
w 1168 320 1168 256 0
w 1136 240 1232 240 0
w 1232 240 1232 256 0
w 1168 320 1264 320 0
w 1264 320 1264 256 0
w 1264 256 1264 240 0
w 1264 240 1328 240 0
w 1328 240 1328 256 0
w 1296 256 1296 336 0
M 1296 336 1344 336 0 2.5
g 1296 576 1296 624 0 0
w 1296 528 1296 576 0
w 1296 336 1296 464 0
w 1296 464 1264 464 0
w 1264 464 1264 528 0
w 1296 464 1328 464 0
w 1328 464 1328 528 0
w 1264 528 1264 544 0
w 1264 544 1200 544 0
w 1200 544 1200 528 0
w 1232 528 1232 448 0
w 1232 448 1136 448 0
w 1136 448 1136 528 0
w 1168 528 1168 544 0
w 1168 544 1104 544 0
w 1104 544 1104 528 0
w 1104 528 1104 464 0
w 1104 464 1040 464 0
w 1040 464 1040 528 0
w 1296 576 1072 576 0
w 1072 576 1072 528 0
x 1138 184 1223 187 4 24 aoi31_2
f 1520 304 1520 256 53 1.5 0.02
f 1552 304 1552 256 53 1.5 0.02
f 1584 304 1584 256 53 1.5 0.02
f 1616 304 1616 256 53 1.5 0.02
f 1520 480 1520 528 52 1.5 0.02
f 1552 480 1552 528 52 1.5 0.02
f 1584 480 1584 528 52 1.5 0.02
f 1616 480 1616 528 52 1.5 0.02
L 1520 368 1504 368 0 0 false 5 0
w 1520 304 1520 368 0
w 1520 368 1520 480 0
L 1552 384 1536 384 0 0 false 5 0
w 1552 304 1552 384 0
w 1552 384 1552 480 0
L 1584 368 1568 368 0 0 false 5 0
w 1584 304 1584 368 0
w 1584 368 1584 480 0
L 1616 384 1600 384 0 0 false 5 0
w 1616 304 1616 384 0
w 1616 384 1616 480 0
R 1568 240 1568 208 0 0 40 5 0 0 0.5
w 1568 240 1568 256 0
w 1536 256 1536 320 0
w 1536 320 1600 320 0
w 1600 320 1600 256 0
g 1504 576 1504 624 0 0
w 1504 528 1504 576 0
w 1504 576 1632 576 0
w 1632 576 1632 528 0
w 1568 240 1632 240 0
w 1632 240 1632 256 0
w 1504 256 1504 416 0
w 1504 416 1536 416 0
w 1536 416 1536 528 0
f 1648 304 1648 256 53 1.5 0.02
f 1680 304 1680 256 53 1.5 0.02
w 1632 240 1696 240 0
w 1696 240 1696 256 0
f 1648 480 1648 528 52 1.5 0.02
f 1680 480 1680 528 52 1.5 0.02
w 1632 576 1696 576 0
w 1696 576 1696 528 0
w 1664 256 1664 384 0
M 1664 384 1712 384 0 2.5
w 1664 384 1664 528 0
w 1680 304 1680 352 0
w 1680 352 1648 352 0
w 1648 352 1648 304 0
w 1680 352 1680 480 0
w 1536 416 1648 416 0
w 1648 416 1648 352 0
w 1648 416 1648 480 0
x 1571 185 1651 188 4 24 ao31_2
