$ 1 0.000005 10.20027730826997 65 5 50 5e-11
f 960 400 1008 400 53 1.5 0.02
f 960 464 1008 464 53 1.5 0.02
w 1008 416 1008 448 0
R 1008 384 1008 336 0 0 40 5 0 0 0.5
f 960 576 1008 576 52 1.5 0.02
f 960 640 1008 640 52 1.5 0.02
w 1008 592 1008 624 0
g 1008 656 1008 688 0 0
w 1008 480 1008 512 0
w 1008 512 1008 560 0
f 640 256 688 256 53 1.5 0.02
f 640 320 688 320 52 1.5 0.02
w 688 272 688 304 0
R 688 240 688 192 0 0 40 5 0 0 0.5
g 688 336 688 368 0 0
L 608 288 544 288 0 0 false 5 0
w 640 256 608 256 0
w 608 256 608 288 0
w 640 320 608 320 0
w 608 320 608 288 0
w 960 400 896 400 0
w 896 400 896 640 0
w 896 640 960 640 0
L 624 640 560 640 0 1 false 5 0
w 608 320 608 464 0
w 608 464 960 464 0
w 688 304 816 304 0
w 816 576 960 576 0
f 1168 400 1216 400 53 1.5 0.02
f 1168 464 1216 464 53 1.5 0.02
f 1168 576 1216 576 52 1.5 0.02
f 1168 640 1216 640 52 1.5 0.02
w 1216 592 1216 624 0
g 1216 656 1216 688 0 0
R 1216 384 1216 336 0 0 40 5 0 0 0.5
w 1008 512 1104 512 0
w 1104 512 1104 400 0
w 1104 400 1168 400 0
w 1104 512 1104 640 0
w 1104 640 1168 640 0
w 960 464 960 528 0
w 960 528 1168 528 0
w 1168 528 1168 576 0
w 816 576 816 496 0
w 816 496 1120 496 0
w 1120 496 1120 464 0
w 1120 464 1168 464 0
w 816 304 816 496 0
w 1216 416 1216 448 0
w 1216 480 1216 512 0
w 1216 512 1216 560 0
f 1280 480 1328 480 53 1.5 0.02
f 1280 544 1328 544 52 1.5 0.02
w 1280 480 1280 512 0
w 1280 512 1216 512 0
w 1280 512 1280 544 0
f 624 672 672 672 52 1.5 0.02
f 624 608 672 608 53 1.5 0.02
w 624 608 624 640 0
w 1328 512 1328 496 0
w 1328 512 1328 528 0
w 624 640 624 672 0
g 1328 560 1328 592 0 0
g 672 688 672 720 0 0
R 1328 464 1328 416 0 0 40 5 0 0 0.5
R 672 592 672 544 0 0 40 5 0 0 0.5
w 672 624 672 640 0
w 672 640 672 656 0
M 1328 512 1392 512 0 2.5
c 1280 544 1280 624 4 1e-11 0.001 0.001 0
g 1280 624 1280 640 0 0
c 1104 640 1104 720 4 1e-11 0.001 0.001 0
g 1104 720 1104 736 0 0
w 672 640 896 640 0
