$ 1 0.000005 10.20027730826997 50 5 50 5e-11
f 880 336 928 336 53 1.5 0.02
f 880 400 928 400 53 1.5 0.02
f 880 512 928 512 52 1.5 0.02
f 880 576 928 576 52 1.5 0.02
w 928 416 928 448 0
w 928 448 976 448 0
w 928 448 928 496 0
w 928 384 928 352 0
w 928 528 928 560 0
g 928 592 928 624 0 0
R 928 320 928 272 0 0 40 5 0 0 0.5
w 880 336 816 336 0
w 816 336 816 576 0
w 816 576 880 576 0
L 768 736 688 736 0 0 false 5 0
f 496 336 544 336 53 1.5 0.02
f 496 400 544 400 52 1.5 0.02
w 544 352 544 384 0
R 544 320 544 272 0 0 40 5 0 0 0.5
g 544 416 544 448 0 0
w 496 336 496 400 0
L 496 336 416 336 0 0 false 5 0
w 880 400 656 400 0
w 656 400 656 384 0
w 656 384 544 384 0
w 496 400 496 512 0
w 880 512 496 512 0
f 1024 400 1072 400 53 1.5 0.02
f 1024 480 1072 480 52 1.5 0.02
w 1024 400 1024 448 0
w 1024 448 1024 480 0
w 1024 448 976 448 0
g 1072 496 1072 528 0 0
R 1072 384 1072 336 0 0 40 5 0 0 0.5
w 1072 416 1072 432 0
w 1072 432 1072 464 0
w 1072 432 1104 432 0
w 1104 432 1104 240 0
w 1104 240 816 240 0
w 816 240 816 336 0
f 832 688 832 736 52 1.5 0.02
f 832 800 832 752 53 1.5 0.02
w 848 736 848 752 0
w 816 736 816 752 0
w 768 736 816 736 0
w 496 512 496 800 0
w 848 736 912 736 0
w 1024 480 1024 736 0
w 1104 432 1200 432 0
w 1024 736 912 736 0
w 656 400 656 672 0
w 656 672 832 672 0
w 832 672 832 688 0
w 496 800 832 800 0
f 1264 336 1312 336 53 1.5 0.02
f 1264 400 1312 400 53 1.5 0.02
w 1312 384 1312 352 0
R 1312 320 1312 272 0 0 40 5 0 0 0.5
f 1264 512 1312 512 52 1.5 0.02
w 1312 496 1312 416 0
f 1264 576 1312 576 52 1.5 0.02
w 1312 560 1312 528 0
g 1312 592 1312 624 0 0
w 1264 336 1232 336 0
w 1232 336 1232 576 0
w 1232 576 1264 576 0
f 1408 400 1456 400 53 1.5 0.02
f 1408 464 1456 464 52 1.5 0.02
w 1456 416 1456 432 0
w 1456 432 1456 448 0
w 1456 432 1488 432 0
w 1488 432 1488 240 0
w 1488 240 1232 240 0
w 1232 240 1232 336 0
R 1456 384 1456 336 0 0 40 5 0 0 0.5
g 1456 480 1456 512 0 0
w 1312 416 1408 416 0
w 1408 416 1408 400 0
w 1408 464 1408 416 0
w 1488 432 1552 432 0
f 1248 672 1248 720 52 1.5 0.02
f 1248 784 1248 736 53 1.5 0.02
w 1264 720 1264 736 0
w 1232 720 1232 736 0
w 1200 432 1200 720 0
w 1200 720 1232 720 0
w 1408 464 1408 720 0
w 1408 720 1264 720 0
w 832 672 1072 672 0
w 1072 672 1072 784 0
w 832 800 1024 800 0
w 1024 800 1168 800 0
w 1168 800 1168 672 0
w 1168 672 1248 672 0
w 1168 672 1168 400 0
w 1168 400 1264 400 0
w 1264 512 1120 512 0
w 1120 512 1120 784 0
w 1072 784 1120 784 0
w 1120 784 1248 784 0
