$ 1 0.0000049999999999999996 10.20027730826997 50 5 50 5e-11
f 880 336 928 336 53 1.5 0.02
f 880 400 928 400 53 1.5 0.02
f 880 512 928 512 52 1.5 0.02
f 880 576 928 576 52 1.5 0.02
w 928 416 928 448 0
w 928 448 976 448 0
w 928 448 928 496 0
w 928 384 928 352 0
w 928 528 928 560 0
g 928 592 928 624 0 0
R 928 320 928 272 0 0 40 5 0 0 0.5
w 880 336 816 336 0
w 816 336 816 576 0
w 816 576 880 576 0
L 560 688 480 688 0 1 false 5 0
f 496 336 544 336 53 1.5 0.02
f 496 400 544 400 52 1.5 0.02
w 544 352 544 384 0
R 544 320 544 272 0 0 40 5 0 0 0.5
g 544 416 544 448 0 0
w 496 336 496 400 0
L -224 368 -304 368 0 1 false 5 0
w 880 400 656 400 0
w 656 400 656 384 0
w 656 384 544 384 0
w 496 400 496 512 0
w 880 512 496 512 0
f 1024 400 1072 400 53 1.5 0.02
f 1024 480 1072 480 52 1.5 0.02
w 1024 400 1024 448 0
w 1024 448 1024 480 0
w 1024 448 976 448 0
g 1072 496 1072 528 0 0
R 1072 384 1072 336 0 0 40 5 0 0 0.5
w 1072 416 1072 432 0
w 1072 432 1072 464 0
w 1072 432 1104 432 0
w 1104 432 1104 240 0
w 1104 240 816 240 0
w 816 240 816 336 0
f 832 688 832 736 52 1.5 0.02
f 832 800 832 752 53 1.5 0.02
w 848 736 848 752 0
w 816 736 816 752 0
w 768 736 816 736 0
w 496 512 496 800 0
w 848 736 912 736 0
w 1024 480 1024 736 0
w 1024 736 912 736 0
w 656 400 656 672 0
w 656 672 832 672 0
w 832 672 832 688 0
w 496 800 832 800 0
w 1104 432 1152 432 0
f -160 336 -112 336 53 1.5 0.02
f -160 400 -112 400 52 1.5 0.02
w -112 384 -112 352 0
R -112 320 -112 272 0 0 40 5 0 0 0.5
g -112 416 -112 448 0 0
g -16 416 -16 448 0 0
R -16 320 -16 272 0 0 40 5 0 0 0.5
w -16 384 -16 352 0
f -64 400 -16 400 52 1.5 0.02
f -64 336 -16 336 53 1.5 0.02
f 16 336 64 336 53 1.5 0.02
f 16 400 64 400 52 1.5 0.02
w 64 384 64 352 0
R 64 320 64 272 0 0 40 5 0 0 0.5
g 64 416 64 448 0 0
w 16 336 16 352 0
w 16 352 -16 352 0
w 16 352 16 400 0
w -64 336 -64 352 0
w -64 352 -112 352 0
w -64 400 -64 352 0
w -160 336 -160 368 0
w -160 368 -224 368 0
w -160 368 -160 400 0
f 192 256 240 256 53 1.5 0.02
f 288 256 336 256 53 1.5 0.02
R 240 208 240 160 0 0 40 5 0 0 0.5
w 240 208 240 240 0
w 240 208 336 208 0
w 336 208 336 240 0
w 336 272 336 304 0
w 336 304 240 304 0
w 240 304 240 272 0
w -224 368 -224 256 0
w 272 352 272 256 0
w 272 256 288 256 0
f 192 400 240 400 52 1.5 0.02
f 192 464 240 464 52 1.5 0.02
w 240 448 240 416 0
w 240 384 240 304 0
g 240 480 240 512 0 0
w 160 256 160 400 0
w 160 400 192 400 0
w 192 256 160 256 0
w 160 256 -224 256 0
w 272 352 128 352 0
w 128 352 128 464 0
w 128 464 192 464 0
w 128 352 64 352 0
w 336 304 400 304 0
w 400 304 496 304 0
w 496 304 496 336 0
w 768 704 608 704 0
g 608 736 608 768 0 0
R 608 640 608 592 0 0 40 5 0 0 0.5
w 608 672 608 704 0
f 560 720 608 720 52 1.5 0.02
f 560 656 608 656 53 1.5 0.02
w 768 704 768 736 0
w 560 656 560 688 0
w 560 688 560 720 0
f -384 672 -384 624 53 1.5 0.02
f -352 672 -352 624 53 1.5 0.02
R -368 592 -368 544 0 0 40 5 0 0 0.5
L -384 736 -400 736 0 0 false 5 0
f -384 816 -384 864 52 1.5 0.02
w -384 736 -384 816 0
w -368 592 -368 624 0
g -368 912 -368 944 0 0
w -368 864 -368 912 0
f -352 816 -352 864 52 1.5 0.02
w -400 624 -400 752 0
w -400 752 -352 752 0
w -352 752 -352 672 0
w -352 752 -352 816 0
w -400 752 -400 864 0
w -336 624 -336 752 0
w -336 752 -336 864 0
f -288 672 -288 624 53 1.5 0.02
f -288 816 -288 864 52 1.5 0.02
w -336 752 -288 752 0
w -288 752 -288 672 0
w -288 752 -288 816 0
w -368 592 -304 592 0
w -304 592 -304 624 0
w -368 912 -304 912 0
w -304 912 -304 864 0
f -208 672 -208 624 53 1.5 0.02
f -176 672 -176 624 53 1.5 0.02
f -208 816 -208 864 52 1.5 0.02
f -176 816 -176 864 52 1.5 0.02
w -272 624 -272 752 0
w -272 752 -208 752 0
w -208 752 -208 672 0
w -272 752 -272 864 0
w -208 752 -208 816 0
w -384 720 -176 720 0
w -176 720 -176 672 0
w -176 720 -176 816 0
w -384 672 -384 720 0
w -384 720 -384 736 0
w -304 592 -224 592 0
w -224 592 -224 624 0
w -224 592 -160 592 0
w -160 592 -160 624 0
w -192 624 -192 784 0
w -192 784 -224 784 0
w -224 784 -224 864 0
w -304 912 -160 912 0
w -160 912 -160 864 0
f -144 672 -144 624 53 1.5 0.02
f -144 816 -144 864 52 1.5 0.02
w -144 672 -144 784 0
w -144 784 -192 784 0
w -144 784 -144 816 0
w -144 784 -16 784 0
f 16 672 16 624 53 1.5 0.02
f 16 816 16 864 52 1.5 0.02
f 48 672 48 624 53 1.5 0.02
f 48 816 48 864 52 1.5 0.02
w -128 624 -128 704 0
w -128 704 -32 704 0
w -128 704 -128 864 0
w 16 784 16 816 0
w 16 704 16 672 0
f 80 672 80 624 53 1.5 0.02
f 80 816 80 864 52 1.5 0.02
w 0 624 0 736 0
w 0 736 80 736 0
w 80 736 80 672 0
w 0 736 0 864 0
w 80 816 80 736 0
w 96 624 96 704 0
w 96 704 48 704 0
w 48 704 48 672 0
w 96 704 96 864 0
w 48 816 48 704 0
f -16 672 -16 624 53 1.5 0.02
f -16 816 -16 864 52 1.5 0.02
w 64 592 64 624 0
w 64 912 64 864 0
w -16 672 -16 784 0
w -16 784 16 784 0
w -16 816 -32 816 0
w -32 816 -32 704 0
w -32 704 16 704 0
f -64 672 -64 624 53 1.5 0.02
f -64 816 -64 864 52 1.5 0.02
w -32 624 -48 624 0
w -32 864 -48 864 0
w -48 864 -48 624 0
w -80 624 -80 592 0
w -160 592 -80 592 0
w -80 592 64 592 0
w -80 864 -80 912 0
w -160 912 -80 912 0
w -80 912 64 912 0
L -64 736 -80 736 0 0 false 5 0
w -64 672 -64 736 0
w -64 736 -64 816 0
f 144 672 144 624 53 1.5 0.02
f 144 816 144 864 52 1.5 0.02
w 96 704 144 704 0
w 144 704 144 672 0
w 144 704 144 816 0
w 64 592 160 592 0
w 160 592 160 624 0
w 64 912 160 912 0
w 160 912 160 864 0
w 128 624 128 736 0
w 128 736 128 864 0
f 176 672 176 624 53 1.5 0.02
f 208 672 208 624 53 1.5 0.02
f 176 816 176 864 52 1.5 0.02
f 208 816 208 864 52 1.5 0.02
w 160 912 224 912 0
w 224 912 224 864 0
w 160 592 224 592 0
w 224 592 224 624 0
w 128 736 176 736 0
w 176 736 176 672 0
w 176 736 208 736 0
w 208 736 208 672 0
w 208 736 208 816 0
w 176 736 176 816 0
w 192 624 192 752 0
w 192 752 192 864 0
M 192 752 272 752 0 2.5
