$ 1 0.000005 10.20027730826997 50 5 50 5e-11
f 640 416 688 416 52 1.5 0.02
f 640 352 688 352 52 1.5 0.02
w 688 368 688 400 0
f 560 288 608 288 52 1.5 0.02
f 640 288 688 288 52 1.5 0.02
w 688 304 688 320 0
w 688 320 608 320 0
w 608 320 608 304 0
w 688 320 688 336 0
w 608 272 608 256 0
w 608 256 688 256 0
w 688 256 688 272 0
w 688 256 784 256 0
M 816 256 880 256 0 2.5
L 400 256 352 256 0 0 false 5 0
L 400 272 352 272 0 0 false 5 0
L 400 288 352 288 0 0 false 5 0
L 400 304 352 304 0 0 false 5 0
w 400 256 560 256 0
w 560 256 560 288 0
w 400 272 544 272 0
w 544 272 544 336 0
w 544 336 640 336 0
w 640 336 640 288 0
w 640 352 528 352 0
w 528 352 528 288 0
w 528 288 400 288 0
w 400 304 512 304 0
w 512 304 512 416 0
g 688 432 688 464 0 0
f 640 176 688 176 53 1.5 0.02
f 560 176 608 176 53 1.5 0.02
w 608 192 608 256 0
w 688 192 688 256 0
R 608 128 608 96 0 0 40 5 0 0 0.5
w 608 128 608 160 0
w 608 128 688 128 0
w 688 128 688 160 0
w 528 288 528 176 0
w 528 176 560 176 0
w 640 176 624 176 0
w 624 176 624 416 0
w 640 416 624 416 0
w 624 416 512 416 0
f 736 176 784 176 53 1.5 0.02
f 736 112 784 112 53 1.5 0.02
w 784 128 784 160 0
R 784 80 784 48 0 0 40 5 0 0 0.5
w 784 80 784 96 0
w 784 192 784 256 0
w 784 256 816 256 0
w 560 256 560 224 0
w 560 224 736 224 0
w 736 224 736 176 0
w 544 272 544 80 0
w 544 80 736 80 0
w 736 80 736 112 0
f 1040 160 1040 112 53 1.5 0.02
f 1072 160 1072 112 53 1.5 0.02
f 1104 160 1104 112 53 1.5 0.02
f 1136 160 1136 112 53 1.5 0.02
f 1040 304 1040 352 52 1.5 0.02
f 1072 304 1072 352 52 1.5 0.02
f 1104 304 1104 352 52 1.5 0.02
f 1136 304 1136 352 52 1.5 0.02
R 1024 80 1024 48 0 0 40 5 0 0 0.5
w 1024 80 1024 112 0
w 1024 80 1120 80 0
w 1120 80 1120 112 0
w 1088 112 1088 176 0
w 1152 176 1152 112 0
L 1040 192 992 192 0 0 false 5 0
w 1040 160 1040 192 0
w 1040 192 1040 304 0
L 1072 208 1024 208 0 0 false 5 0
w 1072 160 1072 208 0
w 1072 208 1072 304 0
L 1104 224 1056 224 0 0 false 5 0
w 1104 160 1104 224 0
w 1104 224 1104 304 0
L 1136 240 1088 240 0 0 false 5 0
w 1136 160 1136 240 0
w 1136 240 1136 304 0
w 1152 176 1120 176 0
w 1120 176 1088 176 0
w 1024 352 1024 368 0
w 1024 368 1088 368 0
w 1088 368 1088 352 0
g 1056 352 1056 400 0 0
w 1152 176 1152 352 0
f 1328 160 1328 112 53 1.5 0.02
f 1360 160 1360 112 53 1.5 0.02
f 1392 160 1392 112 53 1.5 0.02
f 1424 160 1424 112 53 1.5 0.02
f 1600 160 1600 112 53 1.5 0.02
f 1568 160 1568 112 53 1.5 0.02
f 1536 160 1536 112 53 1.5 0.02
f 1504 160 1504 112 53 1.5 0.02
w 1328 160 1328 224 0
w 1328 224 1360 224 0
w 1360 224 1360 160 0
L 1328 224 1280 224 0 0 false 5 0
w 1392 160 1392 240 0
w 1392 240 1424 240 0
w 1424 240 1424 160 0
L 1392 240 1344 240 0 0 false 5 0
w 1504 160 1504 256 0
w 1504 256 1536 256 0
w 1536 256 1536 160 0
L 1504 256 1456 256 0 1 false 5 0
w 1568 160 1568 272 0
w 1568 272 1600 272 0
w 1600 272 1600 160 0
L 1568 272 1520 272 0 1 false 5 0
R 1360 80 1360 48 0 0 40 5 0 0 0.5
w 1616 80 1616 112 0
w 1552 112 1552 80 0
w 1552 80 1616 80 0
w 1360 80 1488 80 0
w 1488 80 1488 112 0
w 1488 80 1552 80 0
w 1520 112 1520 176 0
w 1520 176 1584 176 0
w 1584 112 1584 176 0
w 1584 176 1584 432 0
w 1520 176 1408 176 0
w 1408 176 1408 112 0
w 1440 112 1440 96 0
w 1440 96 1376 96 0
w 1376 96 1376 112 0
w 1376 112 1376 176 0
w 1376 176 1312 176 0
w 1312 176 1312 112 0
w 1360 80 1344 80 0
w 1344 80 1344 112 0
f 1600 384 1600 432 52 1.5 0.02
w 1600 272 1600 384 0
f 1568 384 1568 432 52 1.5 0.02
f 1536 384 1536 432 52 1.5 0.02
f 1504 384 1504 432 52 1.5 0.02
w 1504 256 1504 384 0
w 1536 256 1536 384 0
w 1568 272 1568 384 0
f 1424 384 1424 432 52 1.5 0.02
f 1392 384 1392 432 52 1.5 0.02
f 1360 384 1360 432 52 1.5 0.02
f 1328 384 1328 432 52 1.5 0.02
w 1328 224 1328 384 0
w 1360 224 1360 384 0
w 1392 240 1392 384 0
w 1424 240 1424 384 0
w 1616 432 1616 448 0
w 1616 448 1552 448 0
w 1552 448 1552 432 0
w 1552 432 1552 368 0
w 1552 368 1488 368 0
w 1488 368 1488 432 0
w 1520 432 1520 448 0
w 1520 448 1408 448 0
w 1408 448 1408 432 0
g 1376 480 1376 528 0 0
w 1376 432 1376 480 0
w 1376 480 1440 480 0
w 1440 480 1440 432 0
w 1312 432 1312 480 0
w 1312 480 1376 480 0
w 1344 432 1344 352 0
w 1344 352 1408 352 0
w 1408 352 1408 432 0
x 1025 21 1124 24 4 24 iao211_1
x 1416 22 1515 25 4 24 iao211_2
