$ 1 0.000005 10.20027730826997 50 5 50 5e-11
f 480 224 480 176 53 1.5 0.02
f 512 224 512 176 53 1.5 0.02
f 544 224 544 176 53 1.5 0.02
f 576 224 576 176 53 1.5 0.02
f 608 224 608 176 53 1.5 0.02
f 640 224 640 176 53 1.5 0.02
f 672 224 672 176 53 1.5 0.02
f 704 224 704 176 53 1.5 0.02
f 480 384 480 432 52 1.5 0.02
f 512 384 512 432 52 1.5 0.02
f 544 384 544 432 52 1.5 0.02
f 576 384 576 432 52 1.5 0.02
f 608 384 608 432 52 1.5 0.02
f 640 384 640 432 52 1.5 0.02
f 672 384 672 432 52 1.5 0.02
f 704 384 704 432 52 1.5 0.02
L 512 320 480 320 0 0 false 5 0
w 512 224 512 320 0
w 512 320 512 384 0
w 512 320 544 320 0
w 544 320 544 384 0
w 544 224 544 320 0
L 576 288 544 288 0 0 false 5 0
w 576 224 576 288 0
w 576 288 608 288 0
w 608 288 608 224 0
w 608 288 608 384 0
w 576 288 576 384 0
w 480 384 480 272 0
w 480 272 640 272 0
w 640 272 640 224 0
w 640 272 640 384 0
w 480 272 480 224 0
L 480 272 448 272 0 0 false 5 0
R 528 144 528 112 0 0 40 5 0 0 0.5
w 528 144 528 176 0
w 720 144 720 176 0
w 656 176 656 144 0
w 720 144 656 144 0
w 656 144 528 144 0
w 464 176 464 240 0
w 464 240 592 240 0
w 592 240 592 176 0
w 464 240 464 368 0
w 464 368 464 432 0
g 528 464 528 496 0 0
w 528 432 528 464 0
w 528 464 656 464 0
w 656 464 656 432 0
w 656 464 720 464 0
w 720 464 720 432 0
w 464 368 592 368 0
w 592 368 592 432 0
w 592 368 672 368 0
w 672 368 672 384 0
w 672 368 704 368 0
w 704 368 704 384 0
w 672 368 672 224 0
w 704 224 704 368 0
w 688 176 688 432 0
