$ 1 0.000005 10.20027730826997 50 5 50 5e-11
f 432 144 480 144 53 1.5 0.02
f 432 224 480 224 52 1.5 0.02
w 480 160 480 176 0
w 480 176 480 208 0
w 432 144 432 176 0
w 432 176 432 224 0
R 480 128 480 80 0 0 40 5 0 0 0.5
g 480 240 480 256 0 0
L 432 176 384 176 0 0 false 5 0
L 640 192 592 192 0 0 false 5 0
f 688 192 736 192 53 1.5 0.02
R 736 176 736 128 0 0 40 5 0 0 0.5
f 688 256 736 256 53 1.5 0.02
w 736 208 736 240 0
w 688 192 640 192 0
w 480 176 560 176 0
w 560 176 560 256 0
w 560 256 688 256 0
w 736 272 736 304 0
f 688 352 736 352 52 1.5 0.02
f 784 352 832 352 52 1.5 0.02
w 736 304 832 304 0
w 832 304 832 336 0
w 832 304 896 304 0
w 736 304 736 336 0
w 640 192 640 352 0
w 640 352 688 352 0
w 560 256 560 416 0
w 560 416 784 416 0
w 784 416 784 352 0
f 944 272 992 272 53 1.5 0.02
f 944 336 992 336 52 1.5 0.02
w 944 272 944 304 0
w 944 304 896 304 0
w 944 304 944 336 0
g 992 352 992 368 0 0
R 992 256 992 208 0 0 40 5 0 0 0.5
w 992 288 992 304 0
w 992 304 992 320 0
M 1088 304 1168 304 0 2.5
f 560 528 608 528 53 1.5 0.02
f 560 592 608 592 53 1.5 0.02
w 608 544 608 576 0
R 608 512 608 464 0 0 40 5 0 0 0.5
L 528 528 480 528 0 0 false 5 0
w 528 528 560 528 0
w 432 224 432 592 0
w 432 592 560 592 0
w 736 368 736 448 0
w 736 448 832 448 0
w 832 448 832 368 0
w 896 640 896 304 0
f 688 496 736 496 52 1.5 0.02
f 784 496 832 496 52 1.5 0.02
w 832 480 832 448 0
w 736 448 736 480 0
w 736 512 736 608 0
w 832 512 832 608 0
w 832 608 736 608 0
w 528 528 528 448 0
w 528 448 688 448 0
w 688 448 688 496 0
w 432 592 432 672 0
w 432 672 784 672 0
w 784 672 784 496 0
w 896 640 608 640 0
w 608 640 608 608 0
g 832 608 832 624 0 0
f 1040 272 1088 272 53 1.5 0.02
R 1088 256 1088 208 0 0 40 5 0 0 0.5
w 944 272 944 192 0
w 944 192 1040 192 0
w 1040 192 1040 272 0
f 1040 336 1088 336 52 1.5 0.02
w 1088 288 1088 304 0
w 1088 304 992 304 0
w 1088 304 1088 320 0
g 1088 352 1088 368 0 0
w 944 336 944 400 0
w 944 400 1040 400 0
w 1040 400 1040 336 0
