$ 1 0.000005 10.20027730826997 50 5 50 5e-11
f 448 304 448 256 53 1.5 0.02
f 480 304 480 256 53 1.5 0.02
f 512 304 512 256 53 1.5 0.02
f 544 304 544 256 53 1.5 0.02
f 448 416 448 464 52 1.5 0.02
f 480 416 480 464 52 1.5 0.02
f 544 416 544 464 52 1.5 0.02
f 512 416 512 464 52 1.5 0.02
L 448 352 416 352 0 0 false 5 0
w 448 304 448 352 0
w 448 352 480 352 0
w 480 352 480 304 0
w 480 352 480 416 0
w 448 352 448 416 0
L 512 368 480 368 0 0 false 5 0
w 512 304 512 368 0
w 512 368 544 368 0
w 544 368 544 304 0
w 544 368 544 416 0
w 512 368 512 416 0
g 464 464 464 496 0 0
R 432 224 432 192 0 0 40 5 0 0 0.5
w 432 224 432 256 0
w 432 224 496 224 0
w 496 224 496 256 0
w 464 256 464 320 0
w 464 320 528 320 0
w 528 320 528 256 0
w 496 224 560 224 0
w 560 224 560 256 0
f 624 416 624 464 52 1.5 0.02
f 656 416 656 464 52 1.5 0.02
L 624 384 592 384 0 0 false 5 0
w 624 384 624 416 0
w 624 384 656 384 0
w 656 384 656 416 0
f 624 304 624 256 53 1.5 0.02
f 656 304 656 256 53 1.5 0.02
w 624 304 624 384 0
w 656 304 656 384 0
w 560 224 672 224 0
w 672 224 672 256 0
w 560 256 608 256 0
w 528 320 640 320 0
w 640 320 640 256 0
w 640 320 640 464 0
w 672 464 672 480 0
w 672 480 608 480 0
w 608 480 608 464 0
w 432 464 432 400 0
w 432 400 496 400 0
w 496 400 496 464 0
w 496 464 496 480 0
w 496 480 560 480 0
w 560 480 560 464 0
w 528 464 528 400 0
w 528 400 608 400 0
w 608 400 608 464 0
M 640 320 720 320 0 2.5
M 1104 320 1184 320 0 2.5
w 928 464 928 400 0
w 960 480 960 464 0
w 896 480 960 480 0
w 896 464 896 480 0
w 896 400 896 464 0
w 832 400 896 400 0
w 832 464 832 400 0
w 1040 320 1040 256 0
w 928 320 1040 320 0
w 960 256 1008 256 0
w 1072 224 1072 256 0
w 960 224 1072 224 0
w 1056 304 1056 384 0
w 1024 304 1024 384 0
f 1056 304 1056 256 53 1.5 0.02
f 1024 304 1024 256 53 1.5 0.02
w 1056 384 1056 416 0
w 1024 384 1056 384 0
w 1024 384 1024 416 0
L 1024 384 992 384 0 0 false 5 0
f 1056 416 1056 464 52 1.5 0.02
f 1024 416 1024 464 52 1.5 0.02
w 960 224 960 256 0
w 896 224 960 224 0
w 928 320 928 256 0
w 864 320 928 320 0
w 864 256 864 320 0
w 896 224 896 256 0
w 832 224 896 224 0
w 832 224 832 256 0
R 832 224 832 192 0 0 40 5 0 0 0.5
g 864 464 864 496 0 0
w 912 368 912 416 0
w 944 368 944 416 0
w 944 368 944 304 0
w 912 368 944 368 0
w 912 304 912 368 0
L 912 368 880 368 0 0 false 5 0
w 848 352 848 416 0
w 880 352 880 416 0
w 880 352 880 304 0
w 848 352 880 352 0
w 848 304 848 352 0
L 848 352 816 352 0 0 false 5 0
f 912 416 912 464 52 1.5 0.02
f 944 416 944 464 52 1.5 0.02
f 880 416 880 464 52 1.5 0.02
f 848 416 848 464 52 1.5 0.02
f 944 304 944 256 53 1.5 0.02
f 912 304 912 256 53 1.5 0.02
f 880 304 880 256 53 1.5 0.02
f 848 304 848 256 53 1.5 0.02
f 1088 304 1088 256 53 1.5 0.02
f 1120 304 1120 256 53 1.5 0.02
w 1072 224 1136 224 0
w 1136 224 1136 256 0
f 1088 416 1088 464 52 1.5 0.02
f 1120 416 1120 464 52 1.5 0.02
w 1072 464 1072 480 0
w 1072 480 1136 480 0
w 1136 480 1136 464 0
L 1088 352 1056 352 0 0 false 5 0
w 1088 304 1088 352 0
w 1120 304 1120 352 0
w 1120 352 1088 352 0
w 1088 352 1088 416 0
w 1120 352 1120 416 0
w 1040 320 1104 320 0
w 1104 320 1104 256 0
w 1104 320 1104 464 0
w 1072 480 1008 480 0
w 1008 480 1008 464 0
w 928 400 1040 400 0
w 1040 400 1040 464 0
