$ 1 0.000005 10.20027730826997 50 5 50 5e-11
M 576 384 656 384 0 2.5
w 592 288 592 368 0
w 560 288 560 368 0
f 592 288 592 240 53 1.5 0.02
f 560 288 560 240 53 1.5 0.02
w 592 368 592 400 0
w 560 368 592 368 0
w 560 368 560 400 0
L 560 368 528 368 0 0 false 5 0
f 592 400 592 448 52 1.5 0.02
f 560 400 560 448 52 1.5 0.02
R 400 208 400 176 0 0 40 5 0 0 0.5
g 368 480 368 512 0 0
w 448 352 448 400 0
w 480 352 480 400 0
w 480 352 480 288 0
w 448 352 480 352 0
w 448 288 448 352 0
L 448 352 416 352 0 0 false 5 0
w 384 336 384 400 0
w 416 336 416 400 0
w 416 336 416 288 0
w 384 336 416 336 0
w 384 288 384 336 0
L 384 336 352 336 0 0 false 5 0
f 448 400 448 448 52 1.5 0.02
f 480 400 480 448 52 1.5 0.02
f 416 400 416 448 52 1.5 0.02
f 384 400 384 448 52 1.5 0.02
f 480 288 480 240 53 1.5 0.02
f 448 288 448 240 53 1.5 0.02
f 416 288 416 240 53 1.5 0.02
f 384 288 384 240 53 1.5 0.02
w 368 480 368 448 0
w 368 480 432 480 0
w 432 480 432 448 0
w 432 480 496 480 0
w 496 480 496 448 0
w 496 448 544 448 0
w 496 480 608 480 0
w 608 480 608 448 0
w 400 448 400 384 0
w 400 384 464 384 0
w 464 384 464 448 0
w 464 384 576 384 0
w 576 384 576 448 0
w 576 384 576 240 0
w 400 208 400 240 0
w 368 240 368 304 0
w 368 304 432 304 0
w 432 304 432 240 0
w 432 240 432 224 0
w 432 224 496 224 0
w 496 224 496 240 0
w 464 240 464 304 0
w 464 304 544 304 0
w 544 304 544 240 0
w 544 240 544 224 0
w 544 224 608 224 0
w 608 224 608 240 0
w 1056 336 1056 400 0
w 1024 336 1024 400 0
w 1056 336 1024 336 0
w 1056 288 1056 336 0
w 1024 288 1024 336 0
L 1024 336 992 336 0 0 false 5 0
f 1056 400 1056 448 52 1.5 0.02
f 1024 400 1024 448 52 1.5 0.02
f 1056 288 1056 240 53 1.5 0.02
f 1024 288 1024 240 53 1.5 0.02
f 784 288 784 240 53 1.5 0.02
f 816 288 816 240 53 1.5 0.02
f 848 288 848 240 53 1.5 0.02
f 880 288 880 240 53 1.5 0.02
f 784 400 784 448 52 1.5 0.02
f 816 400 816 448 52 1.5 0.02
f 880 400 880 448 52 1.5 0.02
f 848 400 848 448 52 1.5 0.02
L 784 336 752 336 0 0 false 5 0
w 784 288 784 336 0
w 784 336 816 336 0
w 816 336 816 288 0
w 816 336 816 400 0
w 784 336 784 400 0
L 848 352 816 352 0 0 false 5 0
w 848 288 848 352 0
w 848 352 880 352 0
w 880 352 880 288 0
w 880 352 880 400 0
w 848 352 848 400 0
g 768 480 768 512 0 0
R 800 208 800 176 0 0 40 5 0 0 0.5
f 960 400 960 448 52 1.5 0.02
f 992 400 992 448 52 1.5 0.02
L 960 368 928 368 0 0 false 5 0
w 960 368 960 400 0
w 960 368 992 368 0
w 992 368 992 400 0
f 960 288 960 240 53 1.5 0.02
f 992 288 992 240 53 1.5 0.02
w 960 288 960 368 0
w 992 288 992 368 0
M 1040 384 1120 384 0 2.5
w 768 448 768 480 0
w 768 480 832 480 0
w 832 480 832 448 0
w 832 480 896 480 0
w 896 480 896 448 0
w 896 448 944 448 0
w 896 480 1008 480 0
w 1008 480 1008 448 0
w 1008 480 1072 480 0
w 1072 480 1072 448 0
w 800 448 800 384 0
w 800 384 864 384 0
w 864 384 864 448 0
w 864 384 976 384 0
w 976 384 976 448 0
w 976 384 1040 384 0
w 1040 384 1040 448 0
w 1040 384 1040 240 0
w 800 208 800 240 0
w 768 240 768 304 0
w 768 304 832 304 0
w 832 304 832 240 0
w 832 240 832 224 0
w 832 224 896 224 0
w 896 224 896 240 0
w 864 240 864 304 0
w 864 304 976 304 0
w 976 304 976 240 0
w 944 240 944 224 0
w 944 224 1008 224 0
w 1008 224 1008 240 0
w 1008 224 1072 224 0
w 1072 224 1072 240 0
