$ 1 0.000005 10.20027730826997 50 5 50 5e-11
f 576 352 624 352 52 1.5 0.02
f 576 384 624 384 52 1.5 0.02
f 736 352 784 352 52 1.5 0.02
f 736 384 784 384 52 1.5 0.02
L 448 352 384 352 0 0 false 5 0
w 448 352 576 352 0
L 448 400 384 400 0 0 false 5 0
w 448 400 448 448 0
w 448 448 704 448 0
w 704 448 704 352 0
w 704 352 736 352 0
w 784 368 624 368 0
L 448 496 384 496 0 0 false 5 0
w 576 384 576 496 0
w 576 496 448 496 0
L 448 528 384 528 0 0 false 5 0
w 736 528 736 384 0
w 624 400 624 416 0
w 624 416 784 416 0
w 784 416 784 400 0
g 784 416 784 448 0 0
w 624 336 624 320 0
w 784 320 784 336 0
f 736 256 784 256 53 1.5 0.02
f 624 256 672 256 53 1.5 0.02
f 624 224 672 224 53 1.5 0.02
f 736 224 784 224 53 1.5 0.02
w 672 272 672 320 0
w 784 272 784 320 0
w 784 320 672 320 0
w 672 320 624 320 0
w 672 208 672 192 0
w 672 192 784 192 0
w 784 192 784 208 0
R 784 192 784 176 0 0 40 5 0 0 0.5
w 576 352 576 304 0
w 576 304 736 304 0
w 736 304 736 256 0
w 736 224 704 224 0
w 704 224 704 352 0
w 576 384 560 384 0
w 560 384 560 256 0
w 560 256 624 256 0
w 624 224 544 224 0
w 544 224 544 528 0
w 448 528 544 528 0
w 544 528 736 528 0
M 784 320 816 320 0 2.5
f 1072 240 1072 192 53 1.5 0.02
f 1104 240 1104 192 53 1.5 0.02
f 1136 240 1136 192 53 1.5 0.02
f 1168 240 1168 192 53 1.5 0.02
f 1232 240 1232 192 53 1.5 0.02
f 1264 240 1264 192 53 1.5 0.02
f 1296 240 1296 192 53 1.5 0.02
f 1328 240 1328 192 53 1.5 0.02
f 1072 448 1072 496 52 1.5 0.02
f 1104 448 1104 496 52 1.5 0.02
f 1136 448 1136 496 52 1.5 0.02
f 1168 448 1168 496 52 1.5 0.02
f 1232 448 1232 496 52 1.5 0.02
f 1264 448 1264 496 52 1.5 0.02
f 1296 448 1296 496 52 1.5 0.02
f 1328 448 1328 496 52 1.5 0.02
w 1216 496 1184 496 0
w 1072 448 1072 352 0
w 1072 352 1072 240 0
w 1072 352 1104 352 0
w 1104 352 1104 240 0
w 1104 352 1104 448 0
L 1072 352 1056 352 0 0 false 5 0
w 1136 240 1136 352 0
w 1136 352 1168 352 0
w 1168 352 1168 240 0
w 1168 352 1168 448 0
w 1136 352 1136 448 0
L 1136 352 1120 352 0 0 false 5 0
w 1232 240 1232 352 0
w 1232 352 1264 352 0
w 1264 352 1264 240 0
w 1232 352 1232 448 0
w 1264 352 1264 448 0
w 1296 240 1296 352 0
w 1296 352 1328 352 0
w 1328 240 1328 352 0
w 1328 352 1328 448 0
w 1296 352 1296 448 0
L 1232 352 1216 352 0 0 false 5 0
L 1296 352 1280 352 0 0 false 5 0
R 1088 160 1088 112 0 0 40 5 0 0 0.5
w 1088 160 1088 192 0
w 1088 160 1312 160 0
w 1312 160 1312 192 0
g 1312 544 1312 576 0 0
w 1312 496 1312 544 0
w 1312 544 1248 544 0
w 1248 544 1248 496 0
w 1056 192 1056 272 0
w 1056 272 1120 272 0
w 1120 272 1120 192 0
w 1120 192 1120 176 0
w 1120 176 1184 176 0
w 1184 176 1184 192 0
w 1152 192 1152 272 0
w 1152 272 1200 272 0
w 1200 272 1248 272 0
w 1248 272 1248 192 0
w 1216 192 1216 176 0
w 1216 176 1280 176 0
w 1280 176 1280 192 0
w 1280 192 1280 272 0
w 1280 272 1344 272 0
w 1344 272 1344 192 0
w 1088 496 1088 416 0
w 1088 416 1152 416 0
w 1152 416 1152 496 0
w 1152 416 1200 416 0
w 1056 496 1056 512 0
w 1056 512 1120 512 0
w 1120 512 1120 496 0
w 1120 512 1184 512 0
w 1184 512 1184 496 0
w 1216 496 1216 416 0
w 1216 416 1280 416 0
w 1280 416 1280 496 0
w 1280 416 1344 416 0
w 1344 416 1344 496 0
M 1200 320 1232 320 0 2.5
w 1200 272 1200 320 0
w 1200 320 1200 416 0
x 1151 71 1236 74 4 24 oa22i_2
f 1456 240 1456 192 53 1.5 0.02
f 1488 240 1488 192 53 1.5 0.02
f 1520 240 1520 192 53 1.5 0.02
f 1552 240 1552 192 53 1.5 0.02
f 1456 448 1456 496 52 1.5 0.02
f 1488 448 1488 496 52 1.5 0.02
f 1520 448 1520 496 52 1.5 0.02
f 1552 448 1552 496 52 1.5 0.02
w 1312 160 1440 160 0
w 1440 160 1440 192 0
w 1440 160 1568 160 0
w 1568 160 1568 192 0
L 1456 304 1440 304 0 0 false 5 0
w 1456 240 1456 304 0
w 1456 304 1456 448 0
L 1488 320 1472 320 0 0 false 5 0
w 1488 240 1488 320 0
w 1488 320 1488 448 0
L 1520 336 1504 336 0 0 false 5 0
w 1520 240 1520 336 0
w 1520 336 1520 448 0
L 1552 352 1536 352 0 0 false 5 0
w 1552 240 1552 352 0
w 1552 352 1552 448 0
w 1504 192 1504 272 0
w 1312 544 1472 544 0
f 1632 240 1632 192 53 1.5 0.02
f 1664 240 1664 192 53 1.5 0.02
f 1632 448 1632 496 52 1.5 0.02
f 1664 448 1664 496 52 1.5 0.02
w 1536 544 1616 544 0
w 1616 544 1616 496 0
w 1616 544 1680 544 0
w 1680 544 1680 496 0
w 1616 192 1568 192 0
w 1568 160 1680 160 0
w 1680 160 1680 192 0
w 1648 192 1648 320 0
M 1648 320 1680 320 0 2.5
w 1648 320 1648 496 0
w 1664 240 1664 368 0
w 1664 368 1632 368 0
w 1632 368 1632 240 0
w 1632 368 1632 448 0
w 1664 368 1664 448 0
w 1504 272 1536 272 0
w 1472 496 1472 544 0
w 1472 544 1536 544 0
w 1568 496 1568 512 0
w 1568 512 1504 512 0
w 1504 512 1504 496 0
w 1504 496 1504 416 0
w 1504 416 1440 416 0
w 1440 416 1440 496 0
w 1632 368 1536 368 0
w 1536 272 1536 368 0
w 1536 368 1536 496 0
x 1501 76 1581 79 4 24 oa22_2
