$ 1 0.000005 10.20027730826997 50 5 50 5e-11
f 752 496 800 496 52 1.5 0.02
f 864 496 912 496 52 1.5 0.02
f 864 416 912 416 52 1.5 0.02
w 912 432 912 464 0
w 912 464 800 464 0
w 800 464 800 480 0
w 912 464 912 480 0
w 800 512 800 528 0
w 800 528 912 528 0
w 912 528 912 512 0
g 912 528 912 560 0 0
f 864 320 912 320 53 1.5 0.02
f 752 320 800 320 53 1.5 0.02
f 752 288 800 288 53 1.5 0.02
w 800 272 912 272 0
w 912 272 912 304 0
R 800 272 800 240 0 0 40 5 0 0 0.5
w 864 320 864 416 0
w 752 320 752 496 0
w 752 288 736 288 0
w 736 288 736 432 0
w 736 432 848 432 0
w 848 432 848 496 0
w 848 496 864 496 0
L 864 416 832 416 0 0 false 5 0
L 736 432 688 432 0 0 false 5 0
L 752 496 688 496 0 0 false 5 0
M 912 400 992 400 0 2.5
w 800 336 800 368 0
w 800 368 912 368 0
w 912 336 912 368 0
w 912 368 912 400 0
f 1200 304 1200 256 53 1.5 0.02
f 1232 304 1232 256 53 1.5 0.02
f 1264 304 1264 256 53 1.5 0.02
f 1296 304 1296 256 53 1.5 0.02
f 1328 304 1328 256 53 1.5 0.02
f 1360 304 1360 256 53 1.5 0.02
f 1200 480 1200 528 52 1.5 0.02
f 1232 480 1232 528 52 1.5 0.02
f 1264 480 1264 528 52 1.5 0.02
f 1296 480 1296 528 52 1.5 0.02
f 1328 480 1328 528 52 1.5 0.02
f 1360 480 1360 528 52 1.5 0.02
w 1232 304 1232 384 0
w 1232 384 1232 480 0
w 1232 384 1264 384 0
w 1264 384 1264 304 0
w 1264 384 1264 480 0
w 1200 304 1200 352 0
w 1200 352 1200 480 0
w 1200 352 1296 352 0
w 1296 352 1296 304 0
w 1296 352 1296 480 0
L 1200 352 1168 352 0 0 false 5 0
L 1232 384 1200 384 0 0 false 5 0
L 1328 400 1296 400 0 0 false 5 0
w 1328 304 1328 400 0
w 1328 400 1360 400 0
w 1360 400 1360 304 0
w 1328 400 1328 480 0
w 1360 400 1360 480 0
w 1184 528 1184 448 0
w 1184 448 1248 448 0
w 1248 448 1248 528 0
w 1248 448 1312 448 0
w 1312 448 1312 528 0
g 1216 576 1216 608 0 0
w 1216 528 1216 576 0
w 1216 576 1280 576 0
w 1280 576 1280 528 0
w 1312 528 1312 544 0
w 1312 544 1376 544 0
w 1376 544 1376 528 0
w 1344 528 1344 368 0
M 1344 368 1408 368 0 2.5
R 1312 208 1312 176 0 0 40 5 0 0 0.5
w 1376 208 1376 256 0
w 1184 208 1184 256 0
w 1376 208 1312 208 0
w 1312 208 1312 256 0
w 1184 208 1312 208 0
w 1216 256 1216 240 0
w 1216 240 1280 240 0
w 1280 240 1280 256 0
w 1248 256 1248 320 0
w 1248 320 1344 320 0
w 1344 256 1344 320 0
w 1344 320 1344 368 0
x 1235 145 1320 148 4 24 oai21_2
f 1552 304 1552 256 53 1.5 0.02
f 1584 304 1584 256 53 1.5 0.02
f 1616 304 1616 256 53 1.5 0.02
f 1552 480 1552 528 52 1.5 0.02
f 1584 480 1584 528 52 1.5 0.02
f 1616 480 1616 528 52 1.5 0.02
w 1376 208 1600 208 0
w 1600 208 1600 256 0
w 1536 256 1536 336 0
w 1536 336 1632 336 0
w 1632 256 1632 336 0
w 1632 336 1632 528 0
w 1280 576 1568 576 0
w 1568 576 1568 528 0
w 1536 528 1536 448 0
w 1536 448 1600 448 0
w 1600 448 1600 528 0
L 1552 384 1536 384 0 0 false 5 0
w 1552 304 1552 384 0
w 1552 384 1552 480 0
L 1584 400 1568 400 0 0 false 5 0
w 1584 304 1584 400 0
w 1584 400 1584 480 0
L 1616 416 1600 416 0 0 false 5 0
w 1616 304 1616 416 0
w 1616 416 1616 480 0
f 1696 304 1696 256 53 1.5 0.02
f 1728 304 1728 256 53 1.5 0.02
f 1696 480 1696 528 52 1.5 0.02
f 1728 480 1728 528 52 1.5 0.02
w 1568 576 1680 576 0
w 1680 576 1680 528 0
w 1680 576 1744 576 0
w 1744 576 1744 528 0
w 1600 208 1680 208 0
w 1680 208 1680 256 0
w 1680 208 1744 208 0
w 1744 208 1744 256 0
w 1712 256 1712 384 0
w 1712 384 1712 528 0
M 1712 384 1776 384 0 2.5
w 1696 304 1696 336 0
w 1696 336 1632 336 0
w 1696 336 1728 336 0
w 1728 336 1728 304 0
w 1696 336 1696 480 0
w 1728 336 1728 480 0
x 1582 146 1662 149 4 24 oa21_2
