$ 1 0.000005 10.20027730826997 50 5 50 5e-11
f 640 272 688 272 53 1.5 0.02
f 640 368 688 368 52 1.5 0.02
f 848 272 896 272 53 1.5 0.02
f 848 368 896 368 52 1.5 0.02
L 832 320 800 320 0 0 false 5 0
w 832 320 832 272 0
w 832 272 848 272 0
w 832 320 832 368 0
w 832 368 848 368 0
g 688 384 688 400 0 0
R 688 256 688 224 0 0 40 5 0 0 0.5
w 688 288 688 352 0
w 688 352 752 352 0
w 752 352 752 416 0
w 752 416 896 416 0
w 896 416 896 384 0
L 624 320 592 320 0 0 false 5 0
w 640 272 640 320 0
w 640 320 624 320 0
w 640 320 640 368 0
w 640 272 640 208 0
w 640 208 896 208 0
w 896 208 896 256 0
w 896 288 896 320 0
w 896 320 928 320 0
w 896 320 896 352 0
I 928 320 1008 320 0 0.5 5
M 1008 320 1056 320 0 2.5
f 1168 224 1168 176 53 1.5 0.02
f 1168 384 1168 432 52 1.5 0.02
w 1168 336 1168 384 0
L 1168 336 1136 336 0 0 false 5 0
f 1264 224 1264 176 53 1.5 0.02
f 1264 384 1264 432 52 1.5 0.02
L 1264 320 1232 320 0 0 false 5 0
w 1264 224 1264 320 0
w 1264 320 1264 384 0
R 1152 112 1152 80 0 0 40 5 0 0 0.5
w 1152 112 1152 176 0
w 1152 432 1152 496 0
g 1152 496 1152 528 0 0
w 1184 176 1184 432 0
w 1248 432 1184 432 0
w 1248 176 1248 256 0
w 1248 256 1168 256 0
w 1168 256 1168 224 0
w 1168 256 1168 336 0
f 1360 224 1360 176 53 1.5 0.02
f 1392 224 1392 176 53 1.5 0.02
f 1360 384 1360 432 52 1.5 0.02
f 1392 384 1392 432 52 1.5 0.02
w 1360 224 1360 304 0
w 1360 304 1392 304 0
w 1392 304 1392 224 0
w 1280 176 1280 304 0
w 1280 304 1360 304 0
w 1280 304 1280 432 0
w 1360 304 1360 384 0
w 1392 304 1392 384 0
w 1152 112 1344 112 0
w 1344 112 1344 176 0
w 1344 112 1408 112 0
w 1408 112 1408 176 0
w 1152 496 1344 496 0
w 1344 496 1344 432 0
w 1408 432 1408 496 0
w 1408 496 1344 496 0
M 1408 240 1456 240 0 2.5
w 1376 176 1376 240 0
w 1376 240 1408 240 0
w 1376 240 1376 432 0
