$ 1 0.000005 10.20027730826997 50 5 50 5e-11
f 752 352 816 352 52 1.5 0.02
g 816 368 816 400 0 0
f 528 304 576 304 53 1.5 0.02
f 528 336 576 336 53 1.5 0.02
L 432 400 384 400 0 0 false 5 0
L 432 464 384 464 0 0 false 5 0
w 528 304 448 304 0
w 448 304 448 400 0
w 448 400 432 400 0
w 528 336 480 336 0
w 480 336 480 464 0
w 480 464 432 464 0
R 576 288 576 256 0 0 40 5 0 0 0.5
f 528 400 576 400 52 1.5 0.02
f 624 400 672 400 52 1.5 0.02
w 576 352 576 384 0
w 576 352 672 352 0
w 672 352 672 384 0
g 672 432 672 464 0 0
w 672 416 672 432 0
w 672 432 576 432 0
w 576 416 576 432 0
w 624 400 624 464 0
w 624 464 480 464 0
w 528 400 448 400 0
w 752 352 672 352 0
f 864 352 912 352 52 1.5 0.02
f 864 384 912 384 52 1.5 0.02
w 864 384 864 512 0
w 624 512 624 464 0
w 864 352 848 352 0
w 848 352 848 544 0
w 848 544 448 544 0
w 448 544 448 400 0
w 816 336 816 320 0
w 816 320 912 320 0
w 912 320 912 336 0
f 896 208 960 208 53 1.5 0.02
w 752 272 752 352 0
R 960 160 960 128 0 0 40 5 0 0 0.5
g 912 400 912 432 0 0
w 832 512 864 512 0
w 832 512 624 512 0
f 912 288 960 288 53 1.5 0.02
f 992 288 1040 288 53 1.5 0.02
w 1040 240 1040 272 0
w 960 272 960 240 0
w 960 240 1040 240 0
w 912 320 960 320 0
w 960 320 960 304 0
w 960 320 1040 320 0
w 1040 320 1040 304 0
w 912 288 848 288 0
w 848 288 848 352 0
w 960 224 960 240 0
w 752 272 752 208 0
w 752 208 896 208 0
w 864 512 992 512 0
w 992 512 992 288 0
w 960 160 960 192 0
w 1040 320 1104 320 0
M 1104 320 1152 320 0 2.5
f 1360 336 1408 336 53 1.5 0.02
L 1360 368 1312 368 0 0 false 5 0
f 1360 400 1408 400 52 1.5 0.02
w 1360 336 1360 368 0
w 1360 368 1360 400 0
w 1408 352 1408 368 0
w 1408 368 1408 384 0
R 1408 320 1408 288 0 0 40 5 0 0 0.5
g 1408 416 1408 432 0 0
g 1408 592 1408 608 0 0
R 1408 496 1408 464 0 0 40 5 0 0 0.5
w 1408 544 1408 560 0
w 1408 528 1408 544 0
w 1360 544 1360 576 0
w 1360 512 1360 544 0
f 1360 576 1408 576 52 1.5 0.02
L 1360 544 1312 544 0 0 false 5 0
f 1360 512 1408 512 53 1.5 0.02
f 1552 304 1600 304 53 1.5 0.02
f 1552 336 1600 336 53 1.5 0.02
f 1664 304 1712 304 53 1.5 0.02
f 1664 336 1712 336 53 1.5 0.02
f 1552 416 1600 416 52 1.5 0.02
f 1552 448 1600 448 52 1.5 0.02
f 1664 416 1712 416 52 1.5 0.02
f 1664 448 1712 448 52 1.5 0.02
w 1600 352 1600 368 0
w 1600 368 1600 400 0
w 1600 368 1712 368 0
w 1712 368 1712 352 0
w 1712 368 1712 400 0
R 1600 272 1600 240 0 0 40 5 0 0 0.5
w 1600 272 1600 288 0
w 1600 272 1712 272 0
w 1712 272 1712 288 0
g 1600 480 1600 496 0 0
w 1600 464 1600 480 0
w 1600 480 1712 480 0
w 1712 480 1712 464 0
w 1552 304 1552 256 0
w 1552 256 1360 256 0
w 1360 256 1360 336 0
M 1712 368 1760 368 0 2.5
w 1456 336 1456 368 0
w 1456 368 1408 368 0
w 1664 336 1648 336 0
w 1360 656 1360 576 0
w 1664 304 1632 304 0
w 1648 448 1648 336 0
w 1648 448 1648 656 0
w 1664 416 1616 416 0
w 1616 224 1456 224 0
w 1456 224 1456 336 0
w 1552 416 1520 416 0
w 1520 416 1520 304 0
w 1520 304 1552 304 0
w 1552 448 1520 448 0
w 1520 448 1520 656 0
w 1520 656 1360 656 0
w 1520 656 1648 656 0
w 1552 336 1472 336 0
w 1472 336 1472 544 0
w 1472 544 1408 544 0
w 1632 304 1616 304 0
w 1616 224 1616 304 0
w 1616 304 1616 416 0
w 1664 448 1664 544 0
w 1472 544 1664 544 0
