$ 1 0.000005 10.20027730826997 50 5 50 5e-11
f 448 352 448 288 53 1.5 0.02
f 448 560 448 624 52 1.5 0.02
R 464 256 464 208 0 0 40 5 0 0 0.5
w 464 256 464 288 0
g 464 656 464 688 0 0
w 464 624 464 656 0
L 448 448 416 448 0 0 false 5 0
w 448 448 448 560 0
f 480 352 480 288 53 1.5 0.02
f 480 560 480 624 52 1.5 0.02
w 480 560 480 512 0
L 480 512 448 512 0 0 false 5 0
f 512 352 512 288 53 1.5 0.02
f 512 560 512 624 52 1.5 0.02
f 544 352 544 288 53 1.5 0.02
f 544 560 544 624 52 1.5 0.02
w 480 352 480 432 0
w 480 432 560 432 0
w 480 432 480 512 0
w 512 352 512 368 0
w 448 368 448 352 0
w 448 368 448 448 0
w 432 288 432 544 0
w 432 544 512 544 0
w 512 544 512 560 0
w 432 544 432 624 0
w 512 544 512 496 0
w 512 496 544 496 0
w 544 496 544 352 0
w 528 576 528 624 0
w 560 288 560 432 0
w 560 432 560 624 0
w 528 288 528 464 0
w 528 464 528 576 0
w 448 368 496 368 0
w 496 368 496 512 0
w 496 512 544 512 0
w 544 512 544 560 0
w 512 368 496 368 0
I 16 400 80 400 0 0.5 5
f 128 352 128 400 53 1.5 0.02
f 128 448 128 400 52 1.5 0.02
w 80 400 112 400 0
L -64 400 -96 400 0 0 false 5 0
w -16 400 16 400 0
I 16 480 80 480 0 0.5 5
L -16 480 -48 480 0 0 false 5 0
w 128 448 128 480 0
w 128 480 80 480 0
f 128 608 128 560 52 1.5 0.02
f 128 512 128 560 53 1.5 0.02
w 128 480 128 512 0
w 128 352 0 352 0
w 0 352 0 480 0
w 128 608 0 608 0
w 0 608 0 480 0
w -16 480 0 480 0
w 0 480 16 480 0
w 144 400 192 400 0
w 192 400 192 480 0
w 192 480 192 560 0
w 192 560 144 560 0
I 192 480 256 480 0 0.5 5
M 256 480 304 480 0 2.5
w 112 560 -64 560 0
w -64 560 -64 448 0
w -64 448 -64 400 0
w -64 400 -16 400 0
f 624 352 624 288 53 1.5 0.02
w 528 464 624 464 0
w 624 464 624 352 0
f 656 352 656 288 53 1.5 0.02
w 624 464 656 464 0
w 656 464 656 352 0
f 624 560 624 624 52 1.5 0.02
f 656 560 656 624 52 1.5 0.02
w 624 464 624 560 0
w 656 560 656 464 0
M 672 416 720 416 0 2.5
w 640 288 640 416 0
w 640 416 672 416 0
w 640 416 640 624 0
w 464 256 608 256 0
w 608 256 608 288 0
w 608 256 672 256 0
w 672 256 672 288 0
w 464 656 608 656 0
w 608 656 608 624 0
w 608 656 672 656 0
w 672 656 672 624 0
