$ 1 0.000005 10.20027730826997 50 5 50 5e-11
f 496 384 544 384 53 1.5 0.02
f 496 480 544 480 52 1.5 0.02
w 544 400 544 432 0
w 544 432 544 464 0
w 496 384 496 432 0
w 496 432 496 480 0
w 496 432 448 432 0
L 448 432 384 432 0 0 false 5 0
f 672 384 672 432 53 1.5 0.02
f 672 480 672 432 52 1.5 0.02
w 544 496 672 496 0
w 672 496 672 480 0
L 448 288 384 288 0 0 false 5 0
w 544 368 672 368 0
w 672 368 672 384 0
w 672 368 672 288 0
w 672 288 448 288 0
w 544 432 592 432 0
w 592 432 592 688 0
w 592 432 656 432 0
w 448 432 448 592 0
w 448 592 720 592 0
w 720 592 720 432 0
w 720 432 688 432 0
f 816 256 864 256 53 1.5 0.02
f 816 320 864 320 52 1.5 0.02
w 816 256 816 288 0
w 816 288 672 288 0
w 816 288 816 320 0
w 864 272 864 288 0
w 864 288 864 304 0
g 864 336 864 368 0 0
R 864 240 864 192 0 0 40 5 0 0 0.5
w 672 496 912 496 0
w 912 496 912 288 0
w 912 288 864 288 0
f 784 656 832 656 53 1.5 0.02
f 784 720 832 720 52 1.5 0.02
w 832 672 832 688 0
w 832 688 832 704 0
w 832 688 896 688 0
w 784 656 784 688 0
w 784 688 784 720 0
w 784 688 592 688 0
R 832 640 832 592 0 0 40 5 0 0 0.5
g 832 736 832 752 0 0
M 896 688 976 688 0 2.5
f 480 1024 528 1024 53 1.5 0.02
f 480 1088 528 1088 52 1.5 0.02
w 528 1040 528 1056 0
w 528 1056 528 1072 0
w 480 1024 480 1056 0
w 480 1056 480 1088 0
L 480 1056 416 1056 0 0 false 5 0
R 528 1008 528 960 0 0 40 5 0 0 0.5
g 528 1104 528 1120 0 0
f 608 1024 656 1024 53 1.5 0.02
f 608 1088 656 1088 52 1.5 0.02
w 656 1040 656 1056 0
w 656 1056 704 1056 0
w 656 1056 656 1072 0
M 704 1056 784 1056 0 2.5
L 608 1056 544 1056 0 0 false 5 0
w 608 1024 608 1056 0
w 608 1056 608 1088 0
w 528 1072 560 1072 0
w 560 1072 560 1120 0
w 560 1120 656 1120 0
w 656 1120 656 1104 0
w 480 1024 480 928 0
w 480 928 656 928 0
w 656 928 656 1008 0
f 1200 336 1200 288 53 1.5 0.02
f 1200 432 1200 480 52 1.5 0.02
R 1184 288 1184 240 0 0 40 5 0 0 0.5
g 1184 480 1184 512 0 0
L 1200 384 1136 384 0 0 false 5 0
w 1200 384 1200 336 0
w 1200 384 1200 432 0
f 1280 432 1280 480 52 1.5 0.02
w 1216 480 1264 480 0
f 1280 336 1280 288 53 1.5 0.02
w 1264 288 1264 384 0
w 1264 384 1200 384 0
w 1280 336 1280 400 0
L 1280 416 1248 416 0 0 false 5 0
w 1280 400 1280 416 0
w 1280 416 1280 432 0
f 1312 336 1312 288 53 1.5 0.02
f 1312 432 1312 480 52 1.5 0.02
w 1280 416 1328 416 0
w 1328 416 1328 288 0
w 1328 416 1328 480 0
w 1264 384 1312 384 0
w 1312 384 1312 336 0
w 1312 432 1312 400 0
w 1312 400 1216 400 0
w 1216 400 1216 288 0
w 1216 400 1216 480 0
w 1296 288 1296 352 0
w 1296 352 1296 480 0
f 1392 336 1392 288 53 1.5 0.02
f 1392 432 1392 480 52 1.5 0.02
g 1376 480 1376 512 0 0
R 1376 288 1376 240 0 0 40 5 0 0 0.5
w 1296 352 1392 352 0
w 1392 352 1392 336 0
w 1392 352 1392 432 0
f 1424 336 1424 288 53 1.5 0.02
f 1424 432 1424 480 52 1.5 0.02
R 1440 288 1440 240 0 0 40 5 0 0 0.5
g 1440 480 1440 512 0 0
w 1392 352 1424 352 0
w 1424 352 1424 336 0
w 1424 352 1424 432 0
w 1408 288 1408 384 0
w 1408 384 1520 384 0
w 1408 384 1408 480 0
